# time = 0.200000
# columns: mass x y vx vy
1.000000000000000000e+00 -1.284116364680449207e+00 4.506889441945861385e+00 6.606005443344856731e-01 -1.815450210537986164e+00
1.000000000000000000e+00 2.359335382275348447e+00 1.053233978534889648e+00 -1.619186450692275403e-02 1.641291247092670158e+00
1.000000000000000000e+00 -3.198934768546499718e+00 -3.232835119846281469e+00 1.930479051063020757e+00 9.680459644745127434e-01
1.000000000000000000e+00 -4.261614156362982797e+00 3.736275055974533910e+00 1.737922535788989364e+00 1.581452174368030761e+00
1.000000000000000000e+00 1.025856986017083194e+00 2.059665756335763209e+00 1.498827726885416378e-01 -2.019017264014192070e-01
1.000000000000000000e+00 -4.524676800117328312e+00 4.520955964441744079e+00 3.910817785283305703e+00 -2.026318292042372793e+00
1.000000000000000000e+00 3.133249478829020163e+00 -2.936087463262837982e+00 -3.327800361577022414e+00 -8.550614998163463820e-01
1.000000000000000000e+00 -3.284966111891935103e+00 -3.296805579107082718e+00 -6.050162157887155612e-01 -2.426730971270320836e-01
1.000000000000000000e+00 -1.903818283152632684e+00 2.633766202410870449e-01 2.144542791189439246e+00 2.614274605516093697e+00
1.000000000000000000e+00 -7.498267165904413112e-01 -2.179487518388193656e+00 -8.934788857021752628e-01 -1.029560342338059931e+00
1.000000000000000000e+00 1.235879430025116354e+00 -3.269279813877950858e+00 1.035234692558833158e+00 -7.644632973911820173e-01
1.000000000000000000e+00 -1.888518077096100978e+00 -1.484747869332257331e+00 2.829006789258598609e+00 -2.559959774022088297e+00
1.000000000000000000e+00 -4.893497685936323838e-01 2.748075983566575342e+00 -5.504110240876777249e-01 -1.033785983535810304e+00
1.000000000000000000e+00 -2.972688059430223628e+00 9.852705280739962324e-02 2.699245085516122078e-01 -4.156275848740773604e-01
1.000000000000000000e+00 9.364245833546296360e-01 -4.417682282911489899e+00 1.180559130625223191e-01 1.128666826401662382e+00
1.000000000000000000e+00 1.156342332499703307e+00 -3.379189026743200319e+00 3.894405883673141555e-01 3.158699459567493317e+00
1.000000000000000000e+00 -4.397258082725618245e+00 4.495288734030523869e+00 -1.140203330209800248e-01 1.954444372675655295e+00
1.000000000000000000e+00 4.451837437336010339e+00 2.966799135859123471e+00 -6.584974116132298327e-01 2.527997155463570067e+00
1.000000000000000000e+00 -1.483744742337082645e+00 -3.823327138380999468e+00 -2.583812121876325474e-01 2.957587077848072843e-01
1.000000000000000000e+00 1.836727888240319073e+00 -6.269848806654030327e-01 -4.816039384858318562e-02 -3.420715836642594931e-01
1.000000000000000000e+00 -3.522830332544732101e+00 -6.825119603087548281e-02 -1.536731455245345490e+00 5.841602228657715168e-01
1.000000000000000000e+00 -4.433029404236234150e+00 4.065350616774303205e+00 2.311149306600329467e+00 -3.422756521958544851e-01
1.000000000000000000e+00 -2.402223001138796832e+00 1.592396288696680262e+00 4.853518953913757983e-01 9.677025913285475234e-01
1.000000000000000000e+00 -1.900529602410936825e+00 2.548012140929424296e-01 -1.116148587533658532e+00 -2.384515161305831299e-01
1.000000000000000000e+00 4.518451026908836821e-01 -3.012050689158337846e+00 -2.485187231915728934e-01 1.371539442370940609e+00
1.000000000000000000e+00 4.296644476219855235e+00 3.033780080802914281e+00 -4.048758535448420126e+00 4.156931144742182505e-01
1.000000000000000000e+00 4.152872061521041935e+00 3.574065857690735371e+00 -9.243881924960709595e-01 -2.040861420551826289e+00
1.000000000000000000e+00 1.023374355441898587e+00 4.098280366752605985e+00 4.499634541153440526e-01 -1.179980481765344091e+00
1.000000000000000000e+00 -4.007784398854166596e+00 -3.004463590392953520e+00 1.043737659831517339e+00 3.409006016926615090e-01
1.000000000000000000e+00 -4.414321806920089131e+00 -1.841748386899248802e+00 1.314695613826341480e+00 -1.173392133823567995e+00
1.000000000000000000e+00 -9.955294042994309311e-01 -2.286826199525872738e+00 1.391830708494133040e+00 -1.427729816113477816e-02
1.000000000000000000e+00 3.258665792357753332e+00 -1.433543176952991383e+00 -2.728975125309675565e-01 -1.794111592032892125e-02
1.000000000000000000e+00 -1.869613529517456962e+00 7.188852712606396550e-03 -6.653494909682613478e-01 -2.584261124632115880e+00
1.000000000000000000e+00 -3.645070254069450844e+00 3.020963014134936397e+00 -5.142810894372638053e-01 1.297632618955729504e-02
1.000000000000000000e+00 -4.379805147937322118e+00 4.512769011120000506e+00 -2.800666793875310923e+00 -5.381504129896923949e+00
1.000000000000000000e+00 3.062696951664989786e+00 -2.948180348564913178e+00 3.604989932327280044e+00 2.193198735929082321e+00
1.000000000000000000e+00 -4.798535892829525196e+00 3.200591888427551268e+00 1.435187194096801511e+00 4.795555130305795277e-01
1.000000000000000000e+00 1.977426054699412239e+00 2.303567669936802176e+00 -1.036564575189167003e+00 3.002879317517781477e-01
1.000000000000000000e+00 2.664858554597826057e+00 -4.164958451735940592e+00 -4.535626342612101292e-01 9.063538411694704866e-01
1.000000000000000000e+00 -1.865370772947185118e+00 -4.078634043173209989e+00 1.159677679806162987e+00 -1.332280722807968054e-01
1.000000000000000000e+00 3.761176622469584174e+00 1.246173027659187138e+00 1.757969469667512552e+00 1.091778575150062824e+00
1.000000000000000000e+00 -1.848352089188421754e+00 -3.764458537092607582e+00 -1.997482635368877713e+00 5.870778415611340506e+00
1.000000000000000000e+00 -1.732583302092581379e+00 -1.530747566932071146e+00 -4.773227754191105565e-01 9.530773423973258884e-01
1.000000000000000000e+00 2.318340622369098547e+00 1.143243908788207586e+00 6.594181079980309113e-01 -3.331207728747988206e+00
1.000000000000000000e+00 3.779013318832003865e+00 -2.154193973120204220e-01 -9.017340967015036179e-01 6.234183371152224318e-01
1.000000000000000000e+00 -3.755085676294902086e+00 2.131404668763436039e+00 4.671523091770265479e-01 -1.442552057315066652e-02
1.000000000000000000e+00 2.591589836294131644e+00 6.571406616000884382e-01 -1.369154960314635794e-01 4.616342440262417579e-01
1.000000000000000000e+00 2.682440780476778031e+00 2.059257938818141037e-02 -2.443561152368299572e-01 8.247860646265603446e-01
1.000000000000000000e+00 2.286936681432553964e-01 -7.415369428040006206e-01 1.117011681208396161e-02 -1.626191896199243037e-01
1.000000000000000000e+00 -4.660403367671407615e+00 -3.855595450807466129e+00 8.181456129238829922e-01 6.266468763781900542e-01
1.000000000000000000e+00 -4.579601244360974377e+00 1.238858615622371317e+00 1.055568829836859068e+00 -1.456390311609566446e+00
1.000000000000000000e+00 -2.296651235072900032e+00 3.715926030169318661e-01 -1.187819637309670773e+00 -4.195854773232438051e-01
1.000000000000000000e+00 4.099149899314816103e+00 -2.384258172675855825e+00 5.178989589066650412e-01 1.870885588907067465e+00
1.000000000000000000e+00 -8.281938693257924200e-01 2.537396278059457888e+00 7.261981651210009936e-01 -1.278611349020715715e-01
1.000000000000000000e+00 -2.540438869684668699e+00 -4.118817119772663737e+00 1.782994394590561527e+00 1.100770793753659049e+00
1.000000000000000000e+00 -1.837380577689918359e+00 -3.379754129664906959e+00 2.164802874411171807e+00 1.678425389596483797e+00
1.000000000000000000e+00 4.516755541024950915e+00 2.918548185189449029e+00 8.072869297393822086e-01 -2.846672010468812797e+00
1.000000000000000000e+00 1.328643966615286054e+00 3.686323168780484938e+00 -7.433806463747513749e-02 -2.425915167428533969e-01
1.000000000000000000e+00 2.868881636857868234e+00 -2.999988167995532695e+00 -4.533362678964791836e-01 -1.171416823303364496e-02
1.000000000000000000e+00 3.792661765258754425e+00 3.964854211745367230e-01 -1.279513052254392491e+00 3.608925769589944182e-02
1.000000000000000000e+00 3.152764497325505566e+00 3.629288762182174111e+00 1.104447874661466766e+00 -3.008144986092452289e+00
1.000000000000000000e+00 -1.650992646260872387e+00 -3.827942309496222606e+00 1.303686813173195791e+00 6.784663680764055904e-01
1.000000000000000000e+00 -2.663929409357149503e+00 -6.886578929845839081e-01 5.299429913350569565e-01 4.103216182426889236e-01
1.000000000000000000e+00 3.080949276503740286e+00 3.791586477759709251e+00 -1.290597733729189178e+00 1.594179589160992894e+00
1.000000000000000000e+00 -4.819230661466046506e+00 1.351251408382209696e-01 1.060992058890095846e+00 2.678828441812566297e-01
1.000000000000000000e+00 -8.487692484412255878e-01 -2.656903967598373217e+00 -2.148996576171275930e-01 1.312572472346091201e+00
1.000000000000000000e+00 -3.776946814913158423e+00 -1.627518044103792860e+00 2.097692338480313945e-01 -5.914367596885933276e-02
1.000000000000000000e+00 4.341236966058602320e+00 -1.870933233573886856e+00 -8.599065653270970833e-01 -1.087758935283054118e+00
1.000000000000000000e+00 2.042394337371039315e-01 2.015206321235776699e+00 1.538500330401967597e-01 -1.437309502340014256e-01
1.000000000000000000e+00 -1.328407963786073287e+00 4.591888073966245543e+00 -6.070519169005790250e-01 6.102149558407483632e-01
1.000000000000000000e+00 4.724649228659071554e+00 -2.550699338014974948e+00 -7.559563305362303476e-01 3.499310913973352477e-02
1.000000000000000000e+00 -8.055957100052185682e-02 -2.089101403368726739e+00 -4.941123550875962667e-01 -9.634208714583205602e-01
1.000000000000000000e+00 -2.039879740722838619e+00 -4.335177907686917465e+00 1.150625254745914150e+00 3.198337206067618066e+00
1.000000000000000000e+00 1.223609954528800836e+00 1.462794440942335739e-01 2.156866601174792564e+00 2.353080613191752768e+00
1.000000000000000000e+00 -4.390289070794608506e+00 -2.091148320249086812e+00 8.942016265061860647e-01 1.454482677152397541e+00
1.000000000000000000e+00 4.108502378527372656e+00 -2.657457828111907006e+00 4.676832848441105916e-01 -1.082853966116440025e+00
1.000000000000000000e+00 -3.583613724983701232e+00 -6.092830772608752443e-02 3.743028730811229998e+00 -3.461484350588903136e-01
1.000000000000000000e+00 4.336181460482734451e+00 -2.447018180262785059e+00 -3.742556585364241073e+00 5.464628896934337066e-01
1.000000000000000000e+00 1.780860715557814444e+00 2.493500279910692452e+00 7.274717070672230834e-01 -1.331130547452510360e+00
1.000000000000000000e+00 -2.599918760057352340e+00 2.157050730951219908e+00 2.509492631195385792e-01 -1.243008112329825110e+00
1.000000000000000000e+00 -1.369256084920546179e+00 1.278654682095709649e+00 -4.580437158530436537e-01 -4.289834747899119449e-01
1.000000000000000000e+00 1.264995814605979652e+00 1.996559807502763795e-01 -1.593838703105886712e+00 -2.724713966752005501e+00
1.000000000000000000e+00 -4.145051305626483718e+00 3.463577959340923940e+00 -6.099547510511905690e-01 1.400119028954960099e+00
1.000000000000000000e+00 -1.875863428097939156e+00 -3.377603203284052835e+00 -3.886705128993348524e-01 -4.549672836178038082e+00
1.000000000000000000e+00 -4.535024878266140647e+00 9.850814700270645874e-01 5.079364606718413944e-01 9.843661513309514000e-01
1.000000000000000000e+00 1.737176279233684006e+00 -4.725164219776972097e+00 -3.713362243115703731e-01 1.045829196856137289e+00
1.000000000000000000e+00 3.062279390818140601e-01 -2.557995584595931238e+00 5.593703521273438867e-02 1.373459166401692633e-01
1.000000000000000000e+00 1.053198869833400053e+00 -3.328933183520743189e+00 -3.367224792730279415e+00 -6.705545530214178651e-01
1.000000000000000000e+00 1.884349140816136137e+00 -1.030107294103957738e+00 -2.472658441596264356e-01 1.064941642491131102e+00
1.000000000000000000e+00 4.291353665279238783e+00 -3.509100702243025616e+00 -7.332258557636903706e-01 1.131591310105723114e+00
1.000000000000000000e+00 -1.893544693479870977e+00 -3.919627978553934522e+00 -3.101194331554981254e+00 -9.270855719287625085e-01
1.000000000000000000e+00 4.368242536236730089e+00 3.866035979548348767e+00 -2.105810077363190480e-01 -7.605913549971957677e-01
1.000000000000000000e+00 -2.405019937962924903e+00 1.584302219670731038e+00 -2.611350973977122347e-01 -1.396646916293765806e+00
1.000000000000000000e+00 3.072976278014610152e+00 5.558678203180639210e-01 -9.932562511444688047e-01 4.224333614227755718e-02
1.000000000000000000e+00 7.869689286437281384e-02 -2.771804191065166290e+00 -3.078382958973116534e-01 -2.993542173716822741e-01
1.000000000000000000e+00 -4.255886144221742384e+00 3.853035459699523546e+00 -2.166409858732345928e+00 -1.922237728201596108e+00
1.000000000000000000e+00 3.695157526527687253e+00 1.218729468724021991e+00 -3.491547191869459610e+00 -2.064876308395317217e+00
1.000000000000000000e+00 -1.863691890238033055e+00 -1.591955348213556665e+00 -1.454736084653286188e+00 1.459435684192535332e+00
1.000000000000000000e+00 2.273633247758676923e+00 3.883506737444029966e+00 1.418084181935714283e-01 -8.424390555418439508e-01
1.000000000000000000e+00 3.952275758806671035e+00 2.850987819637118115e+00 9.636885236732477544e-01 5.504535295834775965e-01
