# time = 0.200000
# columns: mass x y vx vy
1.000000000000000000e+00 -1.283784177007191607e+00 4.506337731449091777e+00 6.971150603875909679e-01 -1.885751742571425194e+00
1.000000000000000000e+00 2.359627865725594020e+00 1.053102259543077679e+00 -1.487712376712588269e-02 1.642939218488083775e+00
1.000000000000000000e+00 -3.200035415317111998e+00 -3.233025379990442261e+00 1.900740913095849249e+00 9.634586913632040561e-01
1.000000000000000000e+00 -4.262205279087122101e+00 3.737227228544919733e+00 1.729084474006762573e+00 1.594312443567323045e+00
1.000000000000000000e+00 1.026867239503464369e+00 2.060308245205983990e+00 1.601430063830877049e-01 -1.955631380115266660e-01
1.000000000000000000e+00 -4.528170665540626416e+00 4.521764348003260103e+00 3.850976084588617177e+00 -1.997607643219170059e+00
1.000000000000000000e+00 3.134946641472113438e+00 -2.935075645116557386e+00 -3.276846269982738313e+00 -8.475783231679587804e-01
1.000000000000000000e+00 -3.286084292628597581e+00 -3.297734284401717897e+00 -5.974877407957364106e-01 -2.476101713733146747e-01
1.000000000000000000e+00 -1.934733059181915404e+00 1.700561097142191114e-01 -6.099991048811900241e-01 -1.011391002238302805e+00
1.000000000000000000e+00 -7.483160381456626098e-01 -2.179843365960483226e+00 -8.772942217880793647e-01 -1.034286359107774222e+00
1.000000000000000000e+00 1.235702531531758464e+00 -3.270704820100602372e+00 1.027393857133055644e+00 -7.935551363483351883e-01
1.000000000000000000e+00 -1.889882432317807837e+00 -1.483780951758581823e+00 2.814402425638605987e+00 -2.553763864538808548e+00
1.000000000000000000e+00 -4.888461861008988052e-01 2.748388897061396108e+00 -5.446990494528314297e-01 -1.030466297550213239e+00
1.000000000000000000e+00 -2.972689052764651674e+00 9.966583357965701218e-02 2.750921560852261361e-01 -4.016009876496171027e-01
1.000000000000000000e+00 9.359868222935969762e-01 -4.418685382316719590e+00 1.143346630906725697e-01 1.116331474118557487e+00
1.000000000000000000e+00 1.156544842464038991e+00 -3.379009360775780291e+00 3.935954950994762780e-01 3.179310283748112198e+00
1.000000000000000000e+00 -4.398413407765088046e+00 4.494317647648741421e+00 -1.643450519202775406e-01 1.971842772287085488e+00
1.000000000000000000e+00 4.452171802699781189e+00 2.968207986816468136e+00 -6.502233782486387392e-01 2.543406396997808905e+00
1.000000000000000000e+00 -1.486610244631934918e+00 -3.825184381708247372e+00 -3.125502904057157472e-01 2.722797694738344765e-01
1.000000000000000000e+00 1.837443477110294543e+00 -6.280264679508392733e-01 -4.570415242303341868e-02 -3.553586494331736345e-01
1.000000000000000000e+00 -3.524544754251460521e+00 -6.824992941457946882e-02 -1.594769481542535505e+00 5.866623283096980002e-01
1.000000000000000000e+00 -4.433587884654059508e+00 4.066020958597321489e+00 2.304326500317587900e+00 -3.343540165174858081e-01
1.000000000000000000e+00 -2.404430250754404419e+00 1.585690314865203288e+00 5.474934980917324223e-01 1.155272066989579072e+00
1.000000000000000000e+00 -1.880704433296077616e+00 2.631388407499899440e-01 2.411509563015429514e+00 1.526139479442500502e+00
1.000000000000000000e+00 4.516757951506695790e-01 -3.012861431913148369e+00 -2.487817746601916347e-01 1.364464835929101838e+00
1.000000000000000000e+00 4.296114460005179048e+00 3.035552419021204873e+00 -4.080105934905414067e+00 4.586174900264655130e-01
1.000000000000000000e+00 4.152635169566921469e+00 3.575167007641989247e+00 -9.262032648138566193e-01 -2.025558596519580590e+00
1.000000000000000000e+00 1.023117368243177561e+00 4.099182264812963439e+00 4.477272604732678851e-01 -1.172294102233812918e+00
1.000000000000000000e+00 -4.006281007177238784e+00 -3.003308589108438120e+00 1.054671804009716052e+00 3.503960518885751441e-01
1.000000000000000000e+00 -4.414577314837165645e+00 -1.842216306078819699e+00 1.312768805462988908e+00 -1.176491553126307377e+00
1.000000000000000000e+00 -9.953329783626067018e-01 -2.287579668230637076e+00 1.388556462944509962e+00 -2.563027425924801692e-02
1.000000000000000000e+00 3.258579161298049254e+00 -1.433527136033883487e+00 -2.733264921276633563e-01 -1.616310922161367028e-02
1.000000000000000000e+00 -1.849884481726891794e+00 8.495290756386526809e-02 -1.311134980383575011e+00 -7.913240318169386667e-01
1.000000000000000000e+00 -3.644810144475306046e+00 3.021648961129119293e+00 -5.058147359128912779e-01 1.626785067763429973e-02
1.000000000000000000e+00 -4.379879551004012939e+00 4.516791854408445772e+00 -2.722243623460007811e+00 -5.378925802401602674e+00
1.000000000000000000e+00 3.062821377144025803e+00 -2.948501195216135518e+00 3.581266420795975236e+00 2.195213863053708359e+00
1.000000000000000000e+00 -4.799551926149995928e+00 3.201092906605206956e+00 1.429963029389457407e+00 4.894821250091513365e-01
1.000000000000000000e+00 1.977569849522814449e+00 2.303708123978303046e+00 -1.034796165168138105e+00 3.016957165153623666e-01
1.000000000000000000e+00 2.665010142761352174e+00 -4.165399114473006925e+00 -4.519083800565169562e-01 9.016254239844376794e-01
1.000000000000000000e+00 -1.864727436350247514e+00 -4.079766982589617008e+00 1.174925153228854269e+00 -1.463042993094406663e-01
1.000000000000000000e+00 3.762321800499677238e+00 1.246416799450276169e+00 1.754329382110799251e+00 1.124420641093468065e+00
1.000000000000000000e+00 -1.845072230999163843e+00 -3.765777060051179959e+00 -1.862385563413207157e+00 5.805032307818714266e+00
1.000000000000000000e+00 -1.734721595439615127e+00 -1.529922969986132530e+00 -5.021143270622693278e-01 9.646089502637216206e-01
1.000000000000000000e+00 2.318706742584346614e+00 1.142938710125968926e+00 6.628258115304661580e-01 -3.335498765198235294e+00
1.000000000000000000e+00 3.779666725576933395e+00 -2.150405311362161842e-01 -8.965304608335854519e-01 6.263227602625618395e-01
1.000000000000000000e+00 -3.755829838791580499e+00 2.132678670424273726e+00 4.605602889041334747e-01 -7.587040284561368149e-03
1.000000000000000000e+00 2.592313699680251826e+00 6.561768537375830546e-01 -1.299491006730645881e-01 4.513686015924003314e-01
1.000000000000000000e+00 2.682862140848652377e+00 1.995622843869108640e-02 -2.402448468506542534e-01 8.172086348400079414e-01
1.000000000000000000e+00 2.288853589634131380e-01 -7.411201995407419307e-01 1.358718097810696253e-02 -1.585798166288610866e-01
1.000000000000000000e+00 -4.661090243732517457e+00 -3.855836189801267189e+00 8.128514899749202938e-01 6.240976182315191023e-01
1.000000000000000000e+00 -4.580703157537101333e+00 1.238087474259973453e+00 1.043564023479825131e+00 -1.463473598951272159e+00
1.000000000000000000e+00 -2.309610977958559630e+00 3.814501951800751134e-01 -1.355571491677503682e+00 -3.289469556093522207e-01
1.000000000000000000e+00 4.099837264799684355e+00 -2.383694820691477201e+00 5.306406853332955587e-01 1.874872538379728670e+00
1.000000000000000000e+00 -8.280333945049583866e-01 2.537297758534568182e+00 7.275649724027907217e-01 -1.284554405417861755e-01
1.000000000000000000e+00 -2.542499343919206289e+00 -4.119494677155242535e+00 1.760602262204576718e+00 1.093573287062774124e+00
1.000000000000000000e+00 -1.835311886808519866e+00 -3.377460264860010053e+00 2.130948908331420810e+00 1.666560002732428103e+00
1.000000000000000000e+00 4.517694082025850655e+00 2.920059807802255492e+00 8.424110866396156139e-01 -2.837801623519318639e+00
1.000000000000000000e+00 1.328630763894216527e+00 3.686863955954054362e+00 -7.444986595829922171e-02 -2.384845465281873189e-01
1.000000000000000000e+00 2.869083147820656432e+00 -3.000295243958038593e+00 -4.548439386211735047e-01 -1.386298385547272971e-02
1.000000000000000000e+00 3.793052908990860228e+00 3.971278903757525791e-01 -1.276400523284441091e+00 4.101245397910080470e-02
1.000000000000000000e+00 3.153194903296587803e+00 3.628647231937514928e+00 1.106103809728617549e+00 -3.044843872434706888e+00
1.000000000000000000e+00 -1.654294491880194062e+00 -3.830668115513760075e+00 1.187761156599389301e+00 6.389229522704735764e-01
1.000000000000000000e+00 -2.664327717816065366e+00 -6.879722009361388668e-01 5.258351272650056973e-01 4.161565103165429935e-01
1.000000000000000000e+00 3.081041292914099561e+00 3.793304455173959422e+00 -1.288823409740025516e+00 1.645142462301810937e+00
1.000000000000000000e+00 -4.819751531143564804e+00 1.348641449722856045e-01 1.055446973723825455e+00 2.652820046746768856e-01
1.000000000000000000e+00 -8.478209138831260816e-01 -2.656097517728762458e+00 -2.101286103139419215e-01 1.321198294257111439e+00
1.000000000000000000e+00 -3.777713265256693376e+00 -1.627896986111093458e+00 2.028466597179319209e-01 -6.223055655891376881e-02
1.000000000000000000e+00 4.341446464075822576e+00 -1.870534794471999884e+00 -8.582742209075214790e-01 -1.083314130027221767e+00
1.000000000000000000e+00 2.045491171207499126e-01 2.015912431045437270e+00 1.570204983767231333e-01 -1.369917307588983946e-01
1.000000000000000000e+00 -1.328824777306963467e+00 4.592825095917151046e+00 -6.443457642534998753e-01 6.838239435196660221e-01
1.000000000000000000e+00 4.727385228515198712e+00 -2.551303460611884955e+00 -7.147644150037687494e-01 2.560675854113498781e-02
1.000000000000000000e+00 -8.098360567122279974e-02 -2.091639523251966892e+00 -4.996811522083264290e-01 -9.977913351747851323e-01
1.000000000000000000e+00 -2.038962346423543348e+00 -4.338252750997779295e+00 1.154406399843607378e+00 3.164120101870230073e+00
1.000000000000000000e+00 1.224393650042641335e+00 1.459899559291434334e-01 2.167140894424927744e+00 2.354827748388686803e+00
1.000000000000000000e+00 -4.390185753856861162e+00 -2.092069629297000244e+00 8.945730296895126887e-01 1.444829302111932723e+00
1.000000000000000000e+00 4.109313705342034773e+00 -2.656806853689446690e+00 4.787702031400743463e-01 -1.072927303980937053e+00
1.000000000000000000e+00 -3.583190667466932933e+00 -6.129417892931524753e-02 3.788748596540664426e+00 -3.536562805219313765e-01
1.000000000000000000e+00 4.333388477794049898e+00 -2.446218912818026059e+00 -3.789845076825193448e+00 5.572015757256012503e-01
1.000000000000000000e+00 1.780792833726497104e+00 2.493787765540645740e+00 7.271487873470912078e-01 -1.327773985136463164e+00
1.000000000000000000e+00 -2.599433208387837979e+00 2.156969144389937032e+00 2.571034540623217679e-01 -1.244953411867358861e+00
1.000000000000000000e+00 -1.370062484302305705e+00 1.278656579168836016e+00 -4.644934888760112734e-01 -4.273411474174002023e-01
1.000000000000000000e+00 1.265580100321840096e+00 1.990959959551122926e-01 -1.592086583186215876e+00 -2.733590567181665598e+00
1.000000000000000000e+00 -4.144805993358128049e+00 3.463832264841108177e+00 -6.092274049877770548e-01 1.401674476927313284e+00
1.000000000000000000e+00 -1.877984358147705590e+00 -3.388545416631831841e+00 -3.654616809491471052e-01 -4.619328072440693767e+00
1.000000000000000000e+00 -4.536134666116872438e+00 9.842150254402654008e-01 4.967503883518262775e-01 9.759450747951009530e-01
1.000000000000000000e+00 1.737392260199209115e+00 -4.725772378170340460e+00 -3.695014571926570901e-01 1.039993243104537557e+00
1.000000000000000000e+00 3.075438969733061412e-01 -2.558729453712679902e+00 6.841266044082122688e-02 1.332414575551920388e-01
1.000000000000000000e+00 1.053428343297382108e+00 -3.329607234879683020e+00 -3.364580950585356778e+00 -6.793078848299585193e-01
1.000000000000000000e+00 1.885116662920969466e+00 -1.030515789370056501e+00 -2.414202371494992005e-01 1.059601026981507488e+00
1.000000000000000000e+00 4.292294153076500862e+00 -3.509342454425471658e+00 -7.242875090425222595e-01 1.129621164773979780e+00
1.000000000000000000e+00 -1.891468843174465508e+00 -3.919420272305137676e+00 -3.098337780867054470e+00 -8.500900433836531267e-01
1.000000000000000000e+00 4.368120621693811323e+00 3.866745454707842367e+00 -2.116091174729560209e-01 -7.524120319818820013e-01
1.000000000000000000e+00 -2.402489198977990181e+00 1.592541383187487058e+00 -3.194636430784301706e-01 -1.569441087719766426e+00
1.000000000000000000e+00 3.073784857513419677e+00 5.554972320748594594e-01 -9.847145927320465342e-01 3.782484961305394855e-02
1.000000000000000000e+00 7.854428249560650721e-02 -2.772601403155554145e+00 -3.112597070969111979e-01 -3.094089229653341766e-01
1.000000000000000000e+00 -4.256492636599373824e+00 3.853602915833832299e+00 -2.176846983850303729e+00 -1.926470218389073619e+00
1.000000000000000000e+00 3.696582784210196593e+00 1.218385312401302878e+00 -3.456105618354567532e+00 -2.090435159426949241e+00
1.000000000000000000e+00 -1.865569272589679306e+00 -1.591414812273440393e+00 -1.467949431006012384e+00 1.463420900517487411e+00
1.000000000000000000e+00 2.273722037938342488e+00 3.884279335834136759e+00 1.417810866723130392e-01 -8.353045003550347847e-01
1.000000000000000000e+00 3.953070476007209066e+00 2.851461326007030728e+00 9.717951219026053078e-01 5.548466895505109742e-01
