# time = 0.100000
# columns: mass x y vx vy
1.000000000000000000e+00 -1.323785537041292981e+00 4.624990671034058920e+00 -1.029926941730498369e+00 1.696318781254892549e+00
1.000000000000000000e+00 2.333276682879164898e+00 9.953691815582179636e-01 2.365634512148671598e-01 1.954102327726888189e-01
1.000000000000000000e+00 -3.392155752423091641e+00 -3.393747410553013655e+00 9.276648314918030103e-01 8.972237800834753640e-01
1.000000000000000000e+00 -4.381112247598352383e+00 3.674669413320966083e+00 7.194269925867239346e-01 2.604581369192501272e-01
1.000000000000000000e+00 1.014988122732246811e+00 2.074972340878082022e+00 7.111148559043915796e-02 -1.047616270311869796e-01
1.000000000000000000e+00 -4.733107087683025682e+00 4.654405088897872744e+00 1.162389375212373732e+00 -8.332087403337801179e-01
1.000000000000000000e+00 3.285664331575111952e+00 -2.890122863037861478e+00 -7.705869043977304766e-01 -2.650758896857480784e-01
1.000000000000000000e+00 -3.191849495792934199e+00 -3.191297976364918743e+00 -2.438733895375927441e-01 -5.155186516331056179e-01
1.000000000000000000e+00 -1.892842780386820856e+00 1.401628348139841163e-01 3.782813632361177181e-01 2.570090248841975455e+00
1.000000000000000000e+00 -6.960613054543215439e-01 -2.110445280554853476e+00 -2.999996319022518732e-01 -4.268116270589500383e-01
1.000000000000000000e+00 1.112902049082640676e+00 -3.497789009620218881e+00 -7.932049697496114382e-02 2.342741600550014347e+00
1.000000000000000000e+00 -2.039120439873677526e+00 -1.365287417480372412e+00 7.677114699214475646e-01 -5.742951385695035382e-01
1.000000000000000000e+00 -4.517525464716865002e-01 2.824138916041930791e+00 -2.339737648779447454e-01 -5.072975143444741208e-01
1.000000000000000000e+00 -2.994512415454984033e+00 1.302681682433243227e-01 1.583250884704177908e-01 -2.174219749646156830e-01
1.000000000000000000e+00 9.275013576285177086e-01 -4.503245066621450299e+00 6.098034733942286206e-02 5.864924427838615895e-01
1.000000000000000000e+00 1.102471517970156523e+00 -3.340762255312265783e+00 6.024421044242497247e-01 -1.152729367384830006e+00
1.000000000000000000e+00 -4.361069406141279359e+00 4.476294206487047234e+00 -2.245757546372457725e-01 -1.900298819019552721e-01
1.000000000000000000e+00 4.581916084763541619e+00 3.028490090142552216e+00 -1.404593709811964075e+00 -1.153909341593507776e+00
1.000000000000000000e+00 -1.698266493301179958e+00 -3.880468797421174898e+00 3.889630859170903676e+00 1.375305936496747927e+00
1.000000000000000000e+00 1.840711313347183742e+00 -6.050833634185825982e-01 -2.899225411000222810e-02 -1.272289537243483093e-01
1.000000000000000000e+00 -3.602467905234845613e+00 -8.087011717793318732e-02 3.038591751793549900e+00 -4.206269518779990335e-01
1.000000000000000000e+00 -4.598618928952946661e+00 4.085358840276072101e+00 1.068495785133952491e+00 -1.359356461813925054e-01
1.000000000000000000e+00 -2.408571962475859696e+00 1.618303154049492987e+00 8.874839889554017591e-02 -3.770869812361854478e-02
1.000000000000000000e+00 -1.868226882791641064e+00 1.193707082621274090e-01 -8.358054068912610379e-01 -2.435377967147873690e+00
1.000000000000000000e+00 4.649761775532648134e-01 -3.114499781352463970e+00 -5.250130485459855723e-02 6.873719889324642063e-01
1.000000000000000000e+00 4.638923104632286964e+00 2.823806032737225191e+00 -1.142683752698994359e+00 1.523290252451309446e+00
1.000000000000000000e+00 4.270883499563179697e+00 3.782128551675850048e+00 -1.848730296092630176e+00 -2.694718056687837038e+00
1.000000000000000000e+00 9.906586130373963295e-01 4.186311119237443812e+00 2.152833800802418374e-01 -5.936221545709621239e-01
1.000000000000000000e+00 -4.086105550079862425e+00 -3.030403833235039368e+00 5.299806766181609508e-01 1.778440702618841462e-01
1.000000000000000000e+00 -4.511921778865901622e+00 -1.768889873513068922e+00 6.560117743583664396e-01 -4.234711901870468198e-01
1.000000000000000000e+00 -1.085174141631741529e+00 -2.286253467596626621e+00 5.331935929889612957e-01 2.375214199127355288e-03
1.000000000000000000e+00 3.279491742783948727e+00 -1.432617625343545642e+00 -1.432092477839815858e-01 -3.647846794776275769e-03
1.000000000000000000e+00 -2.051192629448056692e+00 3.230714234027555198e-01 3.815565148833333531e+00 -1.861605314861822569e+00
1.000000000000000000e+00 -3.605683602181160019e+00 3.021215126606369150e+00 -2.714540275488407373e-01 -1.032060933772058382e-02
1.000000000000000000e+00 -4.278412364194922546e+00 4.789239942303973763e+00 -4.707180291611911538e-01 -1.514744737398357577e+00
1.000000000000000000e+00 2.782843315662954176e+00 -3.019519065109542044e+00 1.259675212399487876e+00 -1.336600924441338489e-01
1.000000000000000000e+00 -4.905481868328344319e+00 3.166476145110162843e+00 7.199343725983708975e-01 2.203474632922962362e-01
1.000000000000000000e+00 2.046154967906554489e+00 2.291086861754032977e+00 -4.215953862898096371e-01 3.329539203896296484e-02
1.000000000000000000e+00 2.699542893911670571e+00 -4.233720118327676474e+00 -2.391340832308152531e-01 4.705576211667414910e-01
1.000000000000000000e+00 -1.740319027828824971e+00 -3.891535885221625968e+00 -4.990715210365236132e+00 -1.197964593891706064e+00
1.000000000000000000e+00 3.646786068225614574e+00 1.226338247760220934e+00 3.456605133303666810e-01 -1.005271581678481019e-01
1.000000000000000000e+00 -1.725171056745328446e+00 -4.245862375580593095e+00 -6.178251549015082444e-01 2.411683686090593248e+00
1.000000000000000000e+00 -1.853965186997689640e+00 -1.694461091015422971e+00 7.334665591828791742e-01 1.084367108323503581e+00
1.000000000000000000e+00 2.298518654968008335e+00 1.323573607528626184e+00 5.834299214984435544e-02 -9.962134749110224119e-01
1.000000000000000000e+00 3.846874976773277055e+00 -2.613001630124303643e-01 -4.610958801383797656e-01 3.048111109958339116e-01
1.000000000000000000e+00 -3.790637340284437773e+00 2.132242513716357646e+00 2.441282093305599532e-01 -4.209041157627266445e-03
1.000000000000000000e+00 2.603065097031934894e+00 6.241397486156845531e-01 -8.510569259837336142e-02 2.121911274294432659e-01
1.000000000000000000e+00 2.701910861854976531e+00 -4.010884463429131158e-02 -1.392203956651249241e-01 4.037029929142897933e-01
1.000000000000000000e+00 2.277425583081235383e-01 -7.292159215560489738e-01 7.226170782980488247e-03 -8.426247852311619102e-02
1.000000000000000000e+00 -4.722464396951588483e+00 -3.903179257494532983e+00 4.249902800686308768e-01 3.260300027978701443e-01
1.000000000000000000e+00 -4.657298199260401006e+00 1.333689490570201697e+00 5.204091905469782064e-01 -5.738121529236536178e-01
1.000000000000000000e+00 -2.097474353009959547e+00 3.610021443434756061e-01 -3.764560332155361344e+00 1.412143844867893350e+00
1.000000000000000000e+00 4.087459414586618323e+00 -2.623418563539605231e+00 1.753785391856182638e-02 7.690294578364638145e-01
1.000000000000000000e+00 -8.789015356653566702e-01 2.549759381911315792e+00 3.222414368911551974e-01 -9.996921216896917373e-02
1.000000000000000000e+00 -2.667339594524858803e+00 -4.200226861040158965e+00 8.227927441719962154e-01 5.470795980357245902e-01
1.000000000000000000e+00 -2.040528136437262940e+00 -3.396935254026299589e+00 1.187330334699585821e+00 -1.608838327635294940e-01
1.000000000000000000e+00 4.326880158583417568e+00 3.063362158158552173e+00 6.845296681903952907e-01 -3.751214770722141045e-01
1.000000000000000000e+00 1.332980475580953561e+00 3.706343419087003710e+00 -2.184920567922408671e-02 -1.470208334714562526e-01
1.000000000000000000e+00 3.009911533246351745e+00 -3.075714842547770278e+00 -5.833603974357743915e-01 1.094920600204723371e+00
1.000000000000000000e+00 3.889407160238613770e+00 3.941099509820980007e-01 -6.599406718161852092e-01 1.355121462484917827e-02
1.000000000000000000e+00 3.081431308052267060e+00 3.894704529614728905e+00 1.613136860761118507e-01 -1.288215639965357484e+00
1.000000000000000000e+00 -1.848241337534601181e+00 -3.976421575441567935e+00 1.103566144737326615e+00 1.623253019896697680e-01
1.000000000000000000e+00 -2.704924882347292669e+00 -7.184172558146395549e-01 2.854054444591748729e-01 1.944316348297976671e-01
1.000000000000000000e+00 3.167201742018892929e+00 3.633216832137773800e+00 -2.679336558452120598e-01 5.554705689242114275e-01
1.000000000000000000e+00 -4.899963947959676602e+00 1.149650472175859639e-01 5.544382159164810142e-01 1.369020883536208322e-01
1.000000000000000000e+00 -8.321541984347196053e-01 -2.748042046223583501e+00 -1.149179219918495809e-01 5.776315299796471736e-01
1.000000000000000000e+00 -3.794209619558710944e+00 -1.624403735545763672e+00 1.268732583640470590e-01 -1.286258406574750796e-02
1.000000000000000000e+00 4.405187750746195618e+00 -1.794372419504963956e+00 -4.351814676306761109e-01 -4.909345332175602539e-01
1.000000000000000000e+00 1.924218583988940579e-01 2.026096421445116924e+00 8.186752550784859306e-02 -7.452424198535086142e-02
1.000000000000000000e+00 -1.292898505661099540e+00 4.565416129006552026e+00 1.059061939070732539e+00 -2.324964398599130178e+00
1.000000000000000000e+00 4.681845719737505185e+00 -2.522668716921633525e+00 2.374825488299095344e+00 -1.020414114982127085e+00
1.000000000000000000e+00 -4.220011519579375953e-02 -2.017253809963604816e+00 -2.675518215929224564e-01 -4.816632998988279457e-01
1.000000000000000000e+00 -2.122357501281359582e+00 -4.555630687186583927e+00 5.448921665156126748e-01 1.399889248504431194e+00
1.000000000000000000e+00 1.123183131154582126e+00 4.976226932890352034e-02 5.291744012941860253e-01 4.538406274918616035e-01
1.000000000000000000e+00 -4.459053354807164915e+00 -2.184236937033163795e+00 4.752375263322817234e-01 5.552407061648878539e-01
1.000000000000000000e+00 4.077786322426225851e+00 -2.470246380247446805e+00 1.280442011383184919e-01 -4.451141053265171843e-01
1.000000000000000000e+00 -3.667936322311366126e+00 -6.599557747254020112e-02 -1.937141851086169764e+00 5.404683818296894815e-01
1.000000000000000000e+00 4.690295063213679505e+00 -2.521750732201772482e+00 -4.372514448874312620e+00 1.342825977620181188e+00
1.000000000000000000e+00 1.735257099953558590e+00 2.585016219765106094e+00 2.655566172486563681e-01 -5.802562368585711949e-01
1.000000000000000000e+00 -2.617609133129582322e+00 2.248824175911105616e+00 1.125991916678468763e-01 -6.125715388138691653e-01
1.000000000000000000e+00 -1.334861320900674775e+00 1.311017477349907256e+00 -2.327839861669876997e-01 -2.201682525083349107e-01
1.000000000000000000e+00 1.323293076981511884e+00 3.242612685154832031e-01 -2.446968451700238245e-01 -6.454711280942021512e-01
1.000000000000000000e+00 -4.107248573593536456e+00 3.377654892186441327e+00 -2.035209670224685796e-01 4.793793473153999951e-01
1.000000000000000000e+00 -1.806476205344181629e+00 -3.179121338715138467e+00 -2.976094801331191642e-01 -8.808423033717804884e-01
1.000000000000000000e+00 -4.576001623029350540e+00 9.259463612223834961e-01 2.925558318315640838e-01 3.300560858671401365e-01
1.000000000000000000e+00 1.765177748423732096e+00 -4.804388229306528757e+00 -1.907988541743661226e-01 5.416637699138054929e-01
1.000000000000000000e+00 2.420157083197383707e-01 -2.625343275659160369e+00 1.727808043626693379e+00 1.639976484911689791e+00
1.000000000000000000e+00 1.376067256882000489e+00 -3.269149640190485595e+00 -1.514304066046358033e+00 -3.032122690277254673e-01
1.000000000000000000e+00 1.902664622326264210e+00 -1.106103006380206200e+00 -1.229271448808788580e-01 4.923990620830571707e-01
1.000000000000000000e+00 4.346646740597950753e+00 -3.593674822112378653e+00 -3.768276389329843767e-01 5.707121943644016815e-01
1.000000000000000000e+00 -1.526093272953446434e+00 -3.845863837853056744e+00 -6.797135818273057906e-01 8.551762863224514344e-02
1.000000000000000000e+00 4.337928976901030964e+00 3.864413835008678522e+00 1.242059376261605008e+00 1.315587673837246285e+00
1.000000000000000000e+00 -2.416892784720787724e+00 1.592879858930833503e+00 4.296552189165750435e-02 -2.104820289049709192e-01
1.000000000000000000e+00 3.145904683956239900e+00 5.529974645269315481e-01 -4.843202544554813804e-01 1.825429968897077440e-02
1.000000000000000000e+00 1.652801012564118766e-01 -2.693736769814051968e+00 -1.902094659671798471e+00 -1.699832955372410304e+00
1.000000000000000000e+00 -4.112781652327567983e+00 3.946387020654669175e+00 -8.350771810579065146e-01 -4.927202074507682217e-01
1.000000000000000000e+00 3.939938961966785502e+00 1.311062379347575524e+00 -1.231249219625750957e+00 -3.871174939235508816e-01
1.000000000000000000e+00 -1.659805397104790137e+00 -1.536716004768327482e+00 -1.035571184598271133e+00 -5.839481618151105558e-01
1.000000000000000000e+00 2.263251045237778314e+00 3.947261948915707919e+00 6.839838806326083154e-02 -4.348174476950583123e-01
1.000000000000000000e+00 3.890020745388497403e+00 2.812471402047572511e+00 3.667771701471546075e-01 2.526386522988287586e-01
