# time = 0.700000
# columns: mass x y vx vy
1.000000000000000000e+00 -1.268412660301403205e+00 3.839369810359256618e+00 1.708113446775850086e+00 -5.170707904691132839e+00
1.000000000000000000e+00 2.385800320527085017e+00 7.149000209766301905e-01 -6.108635437451459538e+00 -1.320585228712649828e+00
1.000000000000000000e+00 -2.403744799224623030e+00 -3.060439714842480452e+00 3.212569637208802842e+00 -1.200285897955506664e+00
1.000000000000000000e+00 -3.949342171685610303e+00 3.238890479559052515e+00 2.903143130404703953e+00 -9.122670682686279120e-02
1.000000000000000000e+00 1.371656153792985000e+00 1.873521688606126556e+00 1.649959486318245183e+00 -5.677730968079124085e-02
1.000000000000000000e+00 -4.029984937671966527e+00 3.387060807512513705e+00 2.890763567545838519e+00 3.483520498213678263e+00
1.000000000000000000e+00 3.271248759876516754e+00 -2.270430301805359541e+00 1.779582576702848140e+00 2.148448023816813546e+00
1.000000000000000000e+00 -2.408401244882214520e+00 -3.110654087150579894e+00 3.358032192459634135e+00 4.132847973000736141e-01
1.000000000000000000e+00 -2.445278430358639010e+00 5.682104262992732080e-04 2.602431268623464078e+00 -3.230680432267043933e+00
1.000000000000000000e+00 -5.930782425672651570e-01 -2.698087211435792554e+00 3.360193841848678753e-01 2.740065194214301947e+00
1.000000000000000000e+00 2.567240934283590015e-01 -2.795552951939962671e+00 -3.596771197026341405e+00 1.352931449157741106e+00
1.000000000000000000e+00 -1.510974612405755702e+00 -1.564618816214288000e+00 -2.335640315228817876e+00 1.651986152548587494e+00
1.000000000000000000e+00 -2.321537849615056548e-01 2.047309857509691966e+00 1.375012068760629980e+00 -1.960093172112313598e+00
1.000000000000000000e+00 -2.229722935097934400e+00 -1.840639846759383746e-01 4.301989632915893758e+00 -4.868662593424822660e+00
1.000000000000000000e+00 9.801611684202701236e-01 -3.069528363496967671e+00 -4.277589206562268376e-01 4.345624915985698777e+00
1.000000000000000000e+00 -1.823154819271558674e-02 -2.345929717608728815e+00 -6.241665102184183134e+00 2.279486290746364663e+00
1.000000000000000000e+00 -3.104484166475465656e+00 2.824454119067971281e+00 3.337559580292553285e+00 -3.090851930735316611e+00
1.000000000000000000e+00 3.382259498121130470e+00 2.422379999201765166e+00 -5.722082600256846341e+00 -3.668424740544032225e+00
1.000000000000000000e+00 -2.532029809269648712e+00 -2.974287459590428284e+00 -3.641519464352797719e+00 3.040404879866470456e+00
1.000000000000000000e+00 1.750403407621764051e+00 -1.110242513935944420e+00 -3.830846328947181134e-01 -3.008829799585102105e-01
1.000000000000000000e+00 -2.092251212237744351e+00 -2.310356328548733851e-01 3.764431801682992962e+00 -3.949443768823563516e+00
1.000000000000000000e+00 -3.611266928491987827e+00 3.219413385050283960e+00 -9.471354356712093914e-01 -8.433183183166199637e-01
1.000000000000000000e+00 -2.490697499405511106e+00 1.304651066707726903e+00 -1.072254433934497930e+00 -1.959157180247461216e+00
1.000000000000000000e+00 -2.445896631448307268e+00 -1.154927186916474002e-01 -2.021104060530629631e+00 3.809053832159942310e+00
1.000000000000000000e+00 -8.122223635423397869e-01 -2.643605225822474925e+00 -3.963354612856664794e+00 -7.743189209920248173e-02
1.000000000000000000e+00 3.349656405556998617e+00 3.170016496374877590e+00 -3.386916124403124950e+00 -2.057550111763505996e+00
1.000000000000000000e+00 3.204261149908636863e+00 2.690995017556971014e+00 -1.830361127098072860e+00 1.066779682593836376e-01
1.000000000000000000e+00 2.022415960115424571e+00 2.667804956821794082e+00 2.762710297095867240e+00 -3.841216254835344124e+00
1.000000000000000000e+00 -2.518912161359920354e+00 -2.661757242022300574e+00 6.056997503788154269e+00 8.703465475366137794e-01
1.000000000000000000e+00 -3.169421979079750429e+00 -1.445017294321764068e+00 5.019406981111280253e+00 1.249507929330306411e+00
1.000000000000000000e+00 4.620506281654401110e-04 -2.619212799002318182e+00 1.296700840485234263e+00 2.684291654338335942e+00
1.000000000000000000e+00 3.000921618986740924e+00 -1.745723999880949062e+00 -1.195112279946757283e+00 -3.745789156381806428e+00
1.000000000000000000e+00 -2.405447106696435355e+00 -1.509614798750984893e-03 3.650556516485614633e-01 2.731513051059701880e+00
1.000000000000000000e+00 -4.283874125819473022e+00 3.812621188604815359e+00 1.362498977534112532e+00 1.917777357424741203e+00
1.000000000000000000e+00 -3.712375679777931481e+00 3.205134349156149920e+00 1.617319863907992872e+00 -3.263829494819365795e+00
1.000000000000000000e+00 2.785639252753683071e+00 -2.176459533774774968e+00 -6.594462127221450976e-02 3.363714308744076398e+00
1.000000000000000000e+00 -4.202355373287228524e+00 3.578323561662739127e+00 3.158835303686152174e-01 -5.650424761066942025e+00
1.000000000000000000e+00 1.999746064087228659e+00 1.456937014672311292e+00 5.908125068072354047e-01 -3.348534718627432127e+00
1.000000000000000000e+00 2.196545402844752193e+00 -3.114001262031819817e+00 -1.358230202791873342e+00 3.505200292810144891e+00
1.000000000000000000e+00 -7.473292337091700377e-01 -2.158136780190229587e+00 5.053114173339691817e+00 4.392113979341168317e+00
1.000000000000000000e+00 2.288889267297636643e+00 5.267625619229575618e-01 -1.014138164937272713e+01 -3.225984542999754012e+00
1.000000000000000000e+00 -9.727060648186376390e-01 -2.538257466691892450e+00 3.238897762882280151e+00 2.965670497989709720e+00
1.000000000000000000e+00 -1.207558140149299852e+00 -1.624072733549253966e+00 6.982220233036814605e+00 5.487260433464852261e-01
1.000000000000000000e+00 2.799718782362937475e+00 9.156860902737637975e-01 9.801919790184314696e-01 -3.805061696993528586e-01
1.000000000000000000e+00 1.832215860861336809e+00 5.853525969303650101e-01 -7.533008296848530350e+00 -2.152099611093446496e-01
1.000000000000000000e+00 -3.273397792504623816e+00 2.044382502263518919e+00 1.384925482240033867e+00 -5.116717746277167356e-01
1.000000000000000000e+00 2.819462110270129163e+00 2.625768191199406854e-01 9.690822228203113675e-02 -8.734679689591832163e-01
1.000000000000000000e+00 2.447653317406458306e+00 5.088625691416420738e-01 3.599047372138599599e-01 -1.944121737405884343e+00
1.000000000000000000e+00 2.263690123945315824e-01 -9.450611397107214762e-01 -1.240576683649838724e-01 -7.809553129416513251e-01
1.000000000000000000e+00 -3.686320849532628063e+00 -3.135838237174244814e+00 3.355618483707841548e+00 2.398040151587066404e+00
1.000000000000000000e+00 -3.840436391784370240e+00 1.258850244687796383e-01 2.467803899182876126e+00 -1.160070602745964852e+00
1.000000000000000000e+00 -2.640866811087775101e+00 -1.376550309045692158e-02 -3.009035799515043852e+00 6.878760582058539574e-01
1.000000000000000000e+00 3.422295077793171103e+00 -2.530506227008405773e+00 -3.978171682203777149e+00 -1.354659700111963350e+00
1.000000000000000000e+00 -8.295375608078252583e-01 1.963488323588792772e+00 -4.122850970903843004e-01 -2.060904873811521654e+00
1.000000000000000000e+00 -1.031707648138888711e+00 -2.068718551291335750e+00 3.134877404505622689e+00 5.642881076554757236e+00
1.000000000000000000e+00 -1.896782880301445040e+00 -4.851116579460962086e+00 4.423334775316137280e-01 -1.789458637759038240e+00
1.000000000000000000e+00 3.805606902484146570e+00 3.121536846862792203e+00 -2.429261264261646680e+00 -9.017408444012395830e-01
1.000000000000000000e+00 7.889006157813662767e-01 3.476874401179725904e+00 -1.194048633014958893e+00 -1.481498342223173781e+00
1.000000000000000000e+00 3.169316367954825964e+00 -2.283131038692171266e+00 -9.238155063865485239e-01 3.844069232400300518e+00
1.000000000000000000e+00 2.444666516022695024e+00 7.012891790943946990e-01 -1.199957012230539410e+00 -2.616811644689971406e-01
1.000000000000000000e+00 4.027405747113353307e+00 2.436505598432800124e+00 8.229408944752693023e-01 -1.298399662523158193e+00
1.000000000000000000e+00 -2.539359498095913548e+00 -3.189932675039512944e+00 -8.201364399193624699e-01 4.246609201961983437e+00
1.000000000000000000e+00 -2.096498187460237084e+00 4.008953709671146948e-01 1.310225102736405356e+00 2.453418560777346435e+00
1.000000000000000000e+00 2.433590673769106427e+00 3.514044369401783108e+00 -1.536385890643689578e+00 -2.739533653255409096e+00
1.000000000000000000e+00 -3.366996515674018919e+00 4.311905420156499358e-01 4.853415551892605428e+00 -2.202409130349631261e-01
1.000000000000000000e+00 -1.737150615347248239e+00 -1.679296922336675379e+00 -2.663473746704558387e+00 -1.688073426546162770e+00
1.000000000000000000e+00 -3.448329824217196915e+00 -2.465965909664917355e+00 2.843510882352099589e+00 -2.547713703294717913e+00
1.000000000000000000e+00 3.709303700894491573e+00 -2.769235016048424036e+00 -1.828186551061952381e+00 1.087025033181013844e+00
1.000000000000000000e+00 3.618455490315336531e-01 1.844038167365450454e+00 4.185061043358361266e-01 -6.145221622880103762e-01
1.000000000000000000e+00 -1.303370117020487440e+00 3.904012531023024035e+00 -1.619554746505760479e+00 8.436337222989774842e-01
1.000000000000000000e+00 2.234425340358503931e+00 -2.573703844190737833e+00 -5.020124925497853496e+00 -1.583746768531429039e+00
1.000000000000000000e+00 1.308361219426364130e-01 -2.946813046930594648e+00 2.685153066395715715e+00 -2.893314232791768248e-01
1.000000000000000000e+00 -1.189390730445425204e+00 -3.171500651665930981e+00 2.309613343579002276e+00 3.277666905913317663e+00
1.000000000000000000e+00 1.709156362812089602e+00 -8.204798389761099389e-03 -1.548408025456794734e-01 -8.998489361150224797e-01
1.000000000000000000e+00 -3.088973804747366714e+00 -1.490300446971696724e+00 2.071492417224721105e+00 1.658672598649546304e+00
1.000000000000000000e+00 3.732003625260777557e+00 -2.638381165720630861e+00 -4.824741026838815117e+00 2.486082771253467771e-01
1.000000000000000000e+00 -1.895776310164326572e+00 9.694457635476222412e-02 1.039331613087009609e+00 3.036432058351256735e+00
1.000000000000000000e+00 2.930081555428656781e+00 -1.810706300417739278e+00 -2.324873119246362307e+00 1.606638416067386332e+00
1.000000000000000000e+00 1.349595314960371661e+00 2.141474544626752685e+00 -1.911840084837133080e+00 -1.364993876912278914e+00
1.000000000000000000e+00 -1.700311314611129498e+00 6.347571273530222546e-01 1.970015424102321555e+00 -3.188821012550006717e+00
1.000000000000000000e+00 -2.171278995796405820e+00 6.632487927943711004e-01 -3.093539018815746111e+00 -3.474312040852629124e+00
1.000000000000000000e+00 1.581072426255298202e+00 -1.957472344822758226e-01 2.366154298865808414e+00 1.060738042069988007e-01
1.000000000000000000e+00 -3.997974343256928353e+00 3.262042274895082805e+00 1.103321771328698908e+00 -6.957798394070638714e+00
1.000000000000000000e+00 -3.006449327054259602e+00 -2.190954176444038559e+00 -2.568486790133889475e+00 6.869222206945511111e+00
1.000000000000000000e+00 -3.673652663145077657e+00 1.567042988077486543e+00 3.052775997091943694e+00 7.088286163889470082e-01
1.000000000000000000e+00 1.242090181267753390e+00 -3.468367562878269084e+00 -1.875724106526969193e+00 4.368880843459025165e+00
1.000000000000000000e+00 -1.896832018059015079e-01 -2.536690685984722915e+00 -2.473825218798066494e+00 -1.309568553627445064e+00
1.000000000000000000e+00 5.049625488794872163e-01 -2.720663795617186853e+00 -3.730992353241889603e+00 2.114661977004751670e+00
1.000000000000000000e+00 1.751129824895316212e+00 5.579005397478551398e-01 2.329695714874572054e+00 4.022646071014500890e+00
1.000000000000000000e+00 3.671313090837784898e+00 -1.793637874319098602e+00 -2.166062885019219841e+00 4.535948994238554022e+00
1.000000000000000000e+00 -8.231435162638781611e-01 -2.455751213575911418e+00 2.431570337180976260e+00 2.216389444806051046e+00
1.000000000000000000e+00 3.426914674503395375e+00 2.672494882314195852e+00 -2.366479946182361793e+00 1.131018437292474754e+00
1.000000000000000000e+00 -2.476424381880802272e+00 1.290111011154553511e+00 1.363849711686044852e+00 -2.084944516661351610e+00
1.000000000000000000e+00 3.168996621055002905e+00 3.527752107725576347e-01 2.762158199685955218e+00 -8.223999132930309708e-01
1.000000000000000000e+00 -1.034287984195439852e-01 -2.447497661211005759e+00 -3.577779825227171417e-01 -1.550152409375670892e+00
1.000000000000000000e+00 -4.365963600051554927e+00 3.648116923245772192e+00 -1.118413000360386045e+00 -6.278772436917351429e-01
1.000000000000000000e+00 2.366195690007549590e+00 5.948816656780149259e-01 6.031471206566858534e-01 5.613980957730895227e+00
1.000000000000000000e+00 -1.359945279525111905e+00 -1.597306224151336496e+00 6.046291797800509293e-01 -1.286296285668993011e+00
1.000000000000000000e+00 2.499653424052741268e+00 3.073707278827540801e+00 7.265795257329770163e-01 -2.176654181058090387e+00
1.000000000000000000e+00 3.359933674029769168e+00 2.487134463042531607e+00 -2.366313431011407564e-02 -4.699999292865685518e+00
