# time = 0.800000
# columns: mass x y vx vy
1.000000000000000000e+00 -1.169473994357936864e+00 3.435634251000821759e+00 7.588077391116324621e-01 -3.806748363514738998e+00
1.000000000000000000e+00 2.115717384724439043e+00 6.020066664628856978e-01 -3.719619979809431598e+00 -3.422708112020362847e-01
1.000000000000000000e+00 -2.189787150335121613e+00 -3.057587019304922382e+00 1.779252773330699533e+00 -7.605981624191561208e-01
1.000000000000000000e+00 -3.704717735918205523e+00 3.093951556488340859e+00 3.306964781136095599e+00 -4.602172576531848414e+00
1.000000000000000000e+00 1.514265315110320032e+00 1.901020280738503931e+00 1.046111066997983841e+00 3.431451591891012676e-01
1.000000000000000000e+00 -3.748929446266396237e+00 3.568307454300629900e+00 2.580024254829448971e+00 6.667602574266893178e-01
1.000000000000000000e+00 3.191641104846012489e+00 -1.971223164570777842e+00 -1.776114722122114298e+00 5.676070252800495375e+00
1.000000000000000000e+00 -2.186985094687353470e+00 -3.030330914425476863e+00 1.952359753626474959e+00 3.254682005494533570e+00
1.000000000000000000e+00 -2.318730195260885196e+00 -9.161572695216074758e-02 2.689096768077338107e-01 9.399578214613436566e-01
1.000000000000000000e+00 -6.158953779584924737e-01 -2.233234916006414217e+00 8.896961821810267512e-02 5.570279753004712120e+00
1.000000000000000000e+00 -1.661882033106855672e-01 -2.568922998468554653e+00 -5.858716757461460922e+00 4.688074097656166117e+00
1.000000000000000000e+00 -1.670155061892066195e+00 -1.474436352081430091e+00 -1.249236334096165191e+00 3.939485390696358391e-01
1.000000000000000000e+00 -8.775143587405179191e-02 1.832459395686247161e+00 1.568324950981702326e+00 -2.335330813232475045e+00
1.000000000000000000e+00 -1.753972274564402856e+00 -5.753973667210056098e-01 2.548827515636999941e+00 -3.111560033301385531e+00
1.000000000000000000e+00 9.083954311644634183e-01 -2.625623918910156895e+00 -1.002181497829392365e+00 4.418794204845521101e+00
1.000000000000000000e+00 -7.228171879616549500e-01 -2.347547109662575959e+00 -6.594282508450096003e+00 -7.617594365610150797e-01
1.000000000000000000e+00 -2.792395967153314729e+00 2.504984842010314239e+00 2.937754560846427498e+00 -3.365479590290004541e+00
1.000000000000000000e+00 3.014714863896661434e+00 2.226452063398987491e+00 -2.727768569750014471e+00 -2.059628004238177823e+00
1.000000000000000000e+00 -2.702394192758860836e+00 -2.771484338495620037e+00 -5.626267739526585876e-02 2.034209547454404188e+00
1.000000000000000000e+00 1.708753874820770680e+00 -1.129779463402033057e+00 -4.534724816819548643e-01 -9.589003319323026464e-02
1.000000000000000000e+00 -1.865284397138456507e+00 -5.823824831896807774e-01 4.008516600814495234e+00 -3.642270267615090429e+00
1.000000000000000000e+00 -3.806587254139637277e+00 2.957526722262740382e+00 -5.164520726921281168e-01 -2.074871196098465376e+00
1.000000000000000000e+00 -2.441747206885183097e+00 1.060437534695491957e+00 -1.282745145657016028e-02 -2.457437091767300963e+00
1.000000000000000000e+00 -2.347522305108242779e+00 2.752910206522339864e-01 -9.602546984010351672e-02 2.928977351164996801e+00
1.000000000000000000e+00 -1.113214672448930465e+00 -2.478112443013228194e+00 -1.906537857103095090e+00 2.306777765427280080e+00
1.000000000000000000e+00 3.010759542422868584e+00 2.864100636343978934e+00 -3.261930831977141398e+00 -4.535958938851559985e+00
1.000000000000000000e+00 3.167570034534712864e+00 2.716741124674510122e+00 -8.463648620500273667e-01 1.331771039060695161e+00
1.000000000000000000e+00 2.310617854629812395e+00 2.270203417294268444e+00 3.030874518948001750e+00 -4.078714108361705115e+00
1.000000000000000000e+00 -1.922399067179834331e+00 -2.634741292906750854e+00 5.799502332010888495e+00 -1.264739615190790204e-03
1.000000000000000000e+00 -2.758578190048720735e+00 -1.326372136619561770e+00 3.182315381301178636e+00 3.903001569956760619e+00
1.000000000000000000e+00 -6.744046667618948387e-02 -2.378351856957871657e+00 -2.400254142505342081e+00 3.619640901254198018e-01
1.000000000000000000e+00 2.688041278762411945e+00 -2.024251020382046740e+00 -2.671212989598577892e+00 -7.125487255602520609e-01
1.000000000000000000e+00 -2.528431890153662653e+00 7.452461862587556052e-02 -6.732975321870265928e-01 1.523601914732318541e+00
1.000000000000000000e+00 -4.140788873084384036e+00 3.856300385433703237e+00 1.547271825244300070e+00 -5.959290392601231945e-01
1.000000000000000000e+00 -3.760438642946046350e+00 3.098043794277471008e+00 -3.919915989089123975e+00 -6.015976920684300566e-01
1.000000000000000000e+00 2.893095220585940819e+00 -1.797076748475436414e+00 1.654941407939255260e+00 3.010831537002871983e+00
1.000000000000000000e+00 -4.076487318135034066e+00 3.017861746057388661e+00 2.606071678771980871e+00 -5.530718276909557751e+00
1.000000000000000000e+00 2.063237252251444609e+00 1.068223780450352267e+00 7.511231726112558293e-01 -4.739122535159866700e+00
1.000000000000000000e+00 2.037741025241557313e+00 -2.706749674855624566e+00 -2.089198443792399829e+00 4.622042027321688451e+00
1.000000000000000000e+00 -2.925201989315741602e-01 -1.797609258549612177e+00 3.935481992527809947e+00 2.879867072782859250e+00
1.000000000000000000e+00 1.384446802180408165e+00 3.251995619131973214e-01 -8.668095445461403870e+00 -1.483027465193863303e+00
1.000000000000000000e+00 -4.978424395792103718e-01 -2.325628628304051038e+00 1.653679578187500887e+00 -2.601878107466306100e-01
1.000000000000000000e+00 -6.096101834024590937e-01 -1.677249482541829595e+00 4.585766033388961382e+00 -1.261771942209107156e+00
1.000000000000000000e+00 2.810964941610965440e+00 8.280282715878054534e-01 -6.856990510398237593e-01 -1.202299915152330145e+00
1.000000000000000000e+00 1.293482784316930978e+00 6.328580630392750539e-01 -4.248700181257557773e+00 3.068911358447055093e-01
1.000000000000000000e+00 -3.130337157467851128e+00 1.980597364138436012e+00 1.456313334205851850e+00 -8.077027811326522588e-01
1.000000000000000000e+00 2.776562619053084990e+00 2.286944478805855163e-01 -9.299735761617644592e-01 8.957753103699719888e-02
1.000000000000000000e+00 2.294877658197920667e+00 5.389628939442424604e-01 -3.353483827243591620e+00 1.594574159492217369e+00
1.000000000000000000e+00 2.041166071471995913e-01 -1.038184705201908198e+00 -3.589832654894320463e-01 -1.117685040730861390e+00
1.000000000000000000e+00 -3.303714738852769894e+00 -2.859575741665370874e+00 4.510373879763819538e+00 3.286265412156328392e+00
1.000000000000000000e+00 -3.544495149788847055e+00 1.549551262862098634e-02 3.472537294368602367e+00 -1.062050381619273232e+00
1.000000000000000000e+00 -2.705313486065371809e+00 6.151477266404772187e-02 1.384658821522167571e+00 1.126819587154092916e+00
1.000000000000000000e+00 3.062613253559328008e+00 -2.600182767067746425e+00 -2.812429550408815260e+00 -4.629402071623697767e-02
1.000000000000000000e+00 -8.602295495870149189e-01 1.742489626751955845e+00 -2.238477885200264306e-01 -2.368703121730989292e+00
1.000000000000000000e+00 -6.478599024897885306e-01 -1.488461233153448138e+00 5.405622373287452653e+00 5.331470956357128088e+00
1.000000000000000000e+00 -1.847096680641967303e+00 -5.005299062884217776e+00 5.509564960474523376e-01 -1.303896648180365103e+00
1.000000000000000000e+00 3.498366853177230507e+00 2.982747034263597996e+00 -3.755884457199864634e+00 -1.911837818036884906e+00
1.000000000000000000e+00 6.731442395835858239e-01 3.304943698392540430e+00 -1.124623556876285679e+00 -1.963333825624251849e+00
1.000000000000000000e+00 3.241409545160421235e+00 -1.976670590808584649e+00 1.747479208516208304e-01 5.279710935014877426e-01
1.000000000000000000e+00 2.047954978682215543e+00 5.224532417928071659e-01 -1.831142182311630506e+00 -2.097770345072389020e+00
1.000000000000000000e+00 4.053696058876477437e+00 2.309844216185944266e+00 -2.315450730711709204e-01 -1.271939628152847446e+00
1.000000000000000000e+00 -2.507248261217020158e+00 -2.622071801090271492e+00 1.998895752394203029e-01 5.790199287336135647e+00
1.000000000000000000e+00 -2.010270946037192363e+00 5.936997633910613414e-01 6.481839357588752293e-01 9.590961980818925037e-01
1.000000000000000000e+00 2.293815857877672837e+00 3.180891657802520811e+00 -1.186414736656284274e+00 -3.929342466709778048e+00
1.000000000000000000e+00 -2.829365174796990345e+00 3.873332724776737956e-01 6.151455414726863857e+00 -8.201565244203717908e-01
1.000000000000000000e+00 -1.919828299583009157e+00 -1.817499741880130859e+00 -1.262938765200694702e+00 -1.124692359690842025e+00
1.000000000000000000e+00 -3.119678143996094999e+00 -2.717252367653977707e+00 3.627157557387576059e+00 -2.650418445825502900e+00
1.000000000000000000e+00 3.267978769174114895e+00 -2.514974307746436821e+00 -6.496095253294130067e+00 1.455515791381533308e+00
1.000000000000000000e+00 4.020683704169190631e-01 1.773857120972172741e+00 3.705736322914238157e-01 -8.049418320434338359e-01
1.000000000000000000e+00 -1.393517203238566537e+00 3.838445443554948877e+00 -6.713865327146730788e-01 -1.264572863448926388e+00
1.000000000000000000e+00 1.746311648166292141e+00 -2.739042160727179098e+00 -4.551826384778159706e+00 -1.706030763004772410e+00
1.000000000000000000e+00 3.546341194782846040e-01 -2.773124134702444454e+00 1.409562445884899873e+00 3.068516073931506494e+00
1.000000000000000000e+00 -9.264513283385132913e-01 -2.758032107307023750e+00 2.989791449235671639e+00 5.209421148721992800e+00
1.000000000000000000e+00 1.770257381228105942e+00 -1.878187624879657514e-01 2.338373138114037797e+00 -1.041488092096907625e+00
1.000000000000000000e+00 -2.735301352896647664e+00 -1.334750905970202295e+00 4.895319049701376102e+00 -1.307865592887237804e+00
1.000000000000000000e+00 3.336887769545916260e+00 -2.643060942323636642e+00 -3.752474874205866229e+00 2.164614362738059405e+00
1.000000000000000000e+00 -1.865581818561510952e+00 4.158078515786148288e-01 -2.137116637873176794e-01 3.400182646561508371e+00
1.000000000000000000e+00 2.864878862842373586e+00 -1.866900074002888044e+00 -5.500302838024059282e-01 -2.559465592107887044e+00
1.000000000000000000e+00 1.201692198045110738e+00 1.929741265467484368e+00 -9.075164937456503544e-01 -2.641662378445499559e+00
1.000000000000000000e+00 -1.587107165049646218e+00 2.699283121646706141e-01 1.190359676421996471e-01 -3.912239870342238302e+00
1.000000000000000000e+00 -2.408057526421318428e+00 1.909614279840979034e-01 -8.013933569811086954e-01 -6.441988366197563209e+00
1.000000000000000000e+00 1.771880676880899896e+00 -1.869407727740903316e-02 3.272941987283747300e-01 1.885912751513849406e+00
1.000000000000000000e+00 -3.651534431678341353e+00 2.862049715742451816e+00 3.605203863688591248e+00 -8.813191386749508194e-01
1.000000000000000000e+00 -3.225478454846393728e+00 -1.487987803613807003e+00 -1.599586090924917325e+00 7.276559989853785382e+00
1.000000000000000000e+00 -3.333551604675213387e+00 1.643211999790401334e+00 3.777431509534449283e+00 8.682888303517788398e-01
1.000000000000000000e+00 1.026574741466959706e+00 -2.976605460042500262e+00 -2.458075989214559609e+00 5.525499166190912526e+00
1.000000000000000000e+00 -1.624504809993307375e-01 -2.568267667072501759e+00 2.310829197799675327e+00 -1.953640941763228778e+00
1.000000000000000000e+00 -4.974042624088859110e-02 -2.529226130729030686e+00 -8.608051725974577906e+00 1.924383914123475758e+00
1.000000000000000000e+00 1.928871182408664398e+00 8.253534603337024933e-01 2.291810202122675388e+00 1.887366824764258988e+00
1.000000000000000000e+00 3.396113802790738045e+00 -1.371915619902718264e+00 -3.299324012791312377e+00 3.863989287747259471e+00
1.000000000000000000e+00 -5.191658122295981226e-01 -2.318667972576995862e+00 6.989125255357978794e+00 2.965829879673694602e+00
1.000000000000000000e+00 3.022530986026143118e+00 2.668619590047522472e+00 -4.197241479089820260e+00 -1.031840366185813540e+00
1.000000000000000000e+00 -2.475124029865051423e+00 1.051910465755257595e+00 7.515674146861525129e-01 -3.257073898147342828e+00
1.000000000000000000e+00 3.367276290636613378e+00 2.795666019356526366e-01 1.339114420750838974e+00 -6.501008575326467920e-01
1.000000000000000000e+00 -2.247481247369394197e-01 -2.583483728871124985e+00 1.673888207765776848e-01 1.793258784138237028e+00
1.000000000000000000e+00 -4.330868256032863961e+00 3.566268817555858117e+00 1.312141589777103823e+00 -9.772930493330977963e-01
1.000000000000000000e+00 2.329590477300854445e+00 9.690367592048798606e-01 -1.368320178614655047e+00 2.179527554738783568e+00
1.000000000000000000e+00 -1.306273821074438901e+00 -1.725878579585591543e+00 5.923065368197842906e-01 -1.279996007931651469e+00
1.000000000000000000e+00 2.580758468839902786e+00 2.837785207928362752e+00 1.008400621138118902e+00 -2.608255748074450153e+00
1.000000000000000000e+00 3.114068148207506770e+00 2.002414041611036755e+00 -3.816494686187178242e+00 -3.795733819845779067e+00
