# time = 0.600000
# columns: mass x y vx vy
1.000000000000000000e+00 -1.363379923073660738e+00 4.208651808892898138e+00 4.268165757653653580e-01 -2.555686112202499860e+00
1.000000000000000000e+00 2.812305315769559666e+00 4.589471136341304880e-01 -9.592272883549040063e-01 4.548782700594953710e+00
1.000000000000000000e+00 -2.659665929437395437e+00 -2.989249692619139420e+00 2.132961953392038978e+00 1.719394921864121351e-01
1.000000000000000000e+00 -4.296142851935447204e+00 3.436871206176447036e+00 1.793363329404968676e+00 -2.941488438494550550e+00
1.000000000000000000e+00 1.229272268192864281e+00 1.908453166080507746e+00 1.141233415499443904e+00 -5.000366866942579369e-01
1.000000000000000000e+00 -4.064111833449068456e+00 3.170946586326370831e+00 -8.028867161290303978e-02 5.725797166019533369e-02
1.000000000000000000e+00 3.113468238643795516e+00 -2.611414042828463344e+00 1.476087905463687178e-01 2.574694253473193140e+00
1.000000000000000000e+00 -2.638608647192278944e+00 -3.039096676950163722e+00 1.987852796941417477e+00 -1.907591057752991759e+00
1.000000000000000000e+00 -2.326413504209793093e+00 -8.575962507616878561e-02 -4.401079012078305652e+00 -5.497745072742334926e-01
1.000000000000000000e+00 -6.952047407783834565e-01 -2.795048631471078071e+00 1.140768235122266550e+00 -4.783341699960942384e-01
1.000000000000000000e+00 5.723325499346385570e-01 -2.877895946059897181e+00 -3.214004138566253221e+00 2.096410218710014761e-01
1.000000000000000000e+00 -1.399149199973006352e+00 -1.614940035148296538e+00 1.476955764717858610e+00 -1.434879619880395918e+00
1.000000000000000000e+00 -3.736905946166937942e-01 2.224257560906934827e+00 1.528207869341152714e+00 -1.574184568960870889e+00
1.000000000000000000e+00 -2.645341615645940170e+00 2.373030091368393685e-02 2.480305635965179611e+00 6.273700559303085900e-01
1.000000000000000000e+00 9.984321902321212638e-01 -3.476899056251875564e+00 9.541411578501459920e-03 3.742262779091503067e+00
1.000000000000000000e+00 4.198774947173802286e-01 -2.696591185368363508e+00 -3.372573397097708536e+00 4.000442652647734576e+00
1.000000000000000000e+00 -3.474251753753062388e+00 3.140617877914166467e+00 4.195366120038128699e+00 -3.354515968071251297e+00
1.000000000000000000e+00 3.584012699868093232e+00 2.964599540660381560e+00 6.055030521892736939e-01 -3.858079343030486719e+00
1.000000000000000000e+00 -2.430503865686199916e+00 -3.430631655579739814e+00 2.321323859513850507e-02 2.424048390042475631e+00
1.000000000000000000e+00 1.785511103039728820e+00 -1.069125022693723892e+00 -3.172861860273717416e-01 -5.258475112851772604e-01
1.000000000000000000e+00 -2.750913737997984221e+00 3.914447335482439116e-02 5.133153663662490374e+00 -3.898939903656125500e-02
1.000000000000000000e+00 -3.780325017352713424e+00 3.370489186248383895e+00 3.575792940938601561e+00 -2.935335411701579744e+00
1.000000000000000000e+00 -2.498614215067859412e+00 1.472858755815955156e+00 4.753647160596687349e-01 -2.425461812733871625e+00
1.000000000000000000e+00 -2.304878411894141887e+00 7.670168109718356053e-02 4.249125143856941067e-01 -4.654249846662281698e+00
1.000000000000000000e+00 -4.425736402896519595e-01 -2.622217493859357873e+00 -3.447636238573924317e+00 3.821912569232745471e-01
1.000000000000000000e+00 3.692225467943468065e+00 3.296715063673854917e+00 -3.509437224786306153e+00 -3.444723817385424436e-01
1.000000000000000000e+00 3.680161602680415811e+00 2.637870209080042549e+00 -6.091726258249869908e+00 3.662183301350568909e-01
1.000000000000000000e+00 1.756007319786625942e+00 3.033342349576180208e+00 2.574902669094125685e+00 -3.453402822208000433e+00
1.000000000000000000e+00 -3.061132967759127688e+00 -2.753763012892461060e+00 4.179664739706383969e+00 6.714655263912291394e-01
1.000000000000000000e+00 -3.407723874356143767e+00 -1.610441105414015528e+00 3.100661471396101376e+00 1.036202814290450691e+00
1.000000000000000000e+00 -1.234668192326484754e-01 -2.791431271524574154e+00 7.227031200544620226e-01 4.231039468564653516e-01
1.000000000000000000e+00 3.063664950241744567e+00 -1.546691646528092656e+00 -6.017262148453776938e-01 -1.088060481278893210e+00
1.000000000000000000e+00 -2.366917810425084312e+00 6.526435514412558259e-02 -4.201274324178750241e+00 -3.066944549301821255e+00
1.000000000000000000e+00 -4.149055740983363272e+00 3.446464559307922393e+00 -2.975689271990451079e+00 3.724243093915027725e+00
1.000000000000000000e+00 -3.813175391603154551e+00 3.471962532531239098e+00 7.659382552441438285e-01 -1.015000828790050047e+00
1.000000000000000000e+00 2.824306814727063575e+00 -2.499334303606516983e+00 -3.940515463862475504e-02 2.716505198800196474e+00
1.000000000000000000e+00 -4.362555514218194652e+00 3.897480167595663847e+00 4.067217168334498201e-01 -3.267098220742936099e-01
1.000000000000000000e+00 1.939361432942242836e+00 1.767800438169840227e+00 6.573117716973437830e-01 -2.949334457813819199e+00
1.000000000000000000e+00 2.324814092475198102e+00 -3.429777278902361726e+00 -1.206235985691621382e+00 2.853615780622098530e+00
1.000000000000000000e+00 -1.297518181702305817e+00 -2.702428393532173345e+00 2.892362103933683315e+00 6.452676570082546803e+00
1.000000000000000000e+00 3.025391199239332973e+00 8.727415030856907618e-01 -4.551018673357135391e+00 -2.817077243891029870e+00
1.000000000000000000e+00 -1.077774093887340134e+00 -2.652941800092922797e+00 1.289475457808896941e+00 -5.684385222463477216e-01
1.000000000000000000e+00 -1.768789031669762979e+00 -1.540513714227434106e+00 2.778938126381618190e+00 -6.812747663115846786e-01
1.000000000000000000e+00 2.609388238058356180e+00 7.923051305120676346e-01 2.364317339561382347e+00 3.608844611961155913e+00
1.000000000000000000e+00 2.667311337443976083e+00 5.879261552372238020e-01 -1.122679891501800142e+01 1.226489085123586120e+00
1.000000000000000000e+00 -3.404845528214414330e+00 2.085920213959763458e+00 1.239341396633276693e+00 -3.270988906726735035e-01
1.000000000000000000e+00 2.772763322420518595e+00 5.001529769814715420e-01 1.877489512506735458e+00 -4.831794897421201718e+00
1.000000000000000000e+00 2.395640138271001973e+00 8.107071381327057846e-01 -1.436336869658556559e+00 -1.707696320867842843e+00
1.000000000000000000e+00 2.332546156614281330e-01 -8.778603166650954526e-01 -2.870739525877968878e-02 -5.776877282951459192e-01
1.000000000000000000e+00 -3.987129490343773952e+00 -3.351467359292486847e+00 2.684642693420479898e+00 1.942497799308827267e+00
1.000000000000000000e+00 -4.035260886651274248e+00 2.548266596159347031e-01 1.339921259017302857e+00 -1.521175467750878640e+00
1.000000000000000000e+00 -2.162143155495009239e+00 -8.214321980818062308e-03 -1.275419149341713076e+00 -3.517098894817474730e-01
1.000000000000000000e+00 3.784772178896950390e+00 -2.369078718343815559e+00 -3.643752298632217723e+00 -2.191821685483192894e+00
1.000000000000000000e+00 -7.714962937432979784e-01 2.156824300424704965e+00 -8.046081344612245889e-01 -1.820469731365189414e+00
1.000000000000000000e+00 -1.176305082197241170e+00 -2.746780846430235012e+00 -2.718021242637712054e-01 7.862950586672004860e+00
1.000000000000000000e+00 -1.935599960277050613e+00 -4.644602427752320573e+00 3.343312278256973524e-01 -2.361662573565129541e+00
1.000000000000000000e+00 3.977835518216769284e+00 3.163541333115754473e+00 -8.588580195806349016e-01 6.409381520007464972e-02
1.000000000000000000e+00 9.128572297874300023e-01 3.601926153706265232e+00 -1.289405199891705989e+00 -1.018749180096158780e+00
1.000000000000000000e+00 3.231882855793406950e+00 -2.504123629646592075e+00 1.221872908177246586e+00 2.343466737462442939e+00
1.000000000000000000e+00 2.653648920223008911e+00 5.356621642342340728e-01 -3.224062860288156251e+00 3.053264731204233140e+00
1.000000000000000000e+00 3.860211799865927329e+00 2.587553686807172237e+00 2.901399832156887904e+00 -1.927411887767697118e+00
1.000000000000000000e+00 -2.350269597293433765e+00 -3.324090740571879365e+00 -1.492379823777745029e+00 1.260155928173929407e+00
1.000000000000000000e+00 -2.284473300718111055e+00 2.712651412245774274e-02 3.681807343911658759e+00 6.281134866661560068e+00
1.000000000000000000e+00 2.589266092892311022e+00 3.733229101302131259e+00 -1.532332366050036310e+00 -1.678623939599745318e+00
1.000000000000000000e+00 -3.830056751515746871e+00 4.361494058464100987e-01 4.560348254067781326e+00 1.998996482065394098e-01
1.000000000000000000e+00 -1.310426158799692820e+00 -1.604714204473217665e+00 -3.768390927909654131e+00 2.544252347751730703e+00
1.000000000000000000e+00 -3.683433231981821265e+00 -2.202084145362017242e+00 1.908299040842535321e+00 -2.752221986045809921e+00
1.000000000000000000e+00 3.956086519320257011e+00 -2.682525500714673772e+00 -4.116747578275638197e+00 -1.501173367738588560e+00
1.000000000000000000e+00 3.203680921893821698e-01 1.898768248058137820e+00 4.024093582873183861e-01 -4.846416188452279949e-01
1.000000000000000000e+00 -1.217357718963377300e+00 3.932817533753076855e+00 -3.351309646563442879e-01 -1.086050821265352351e+00
1.000000000000000000e+00 2.782958098832621019e+00 -2.395942719954445632e+00 -6.849225330673756496e+00 -1.462873735774594897e+00
1.000000000000000000e+00 -1.597843750322800738e-01 -2.719397640926518367e+00 3.391219490127548752e+00 -3.170061610727718193e+00
1.000000000000000000e+00 -1.402126090831184335e+00 -3.436040742435972017e+00 1.998576774137863055e+00 2.037417360724603554e+00
1.000000000000000000e+00 1.703705782942238622e+00 9.869982473535865442e-02 8.419427819822238312e-01 -2.131663131798664956e+00
1.000000000000000000e+00 -3.501811976495851741e+00 -1.623903725417690014e+00 2.886577587572400461e+00 2.063421157746135659e+00
1.000000000000000000e+00 4.012371071832195213e+00 -2.746803002542930638e+00 1.122936201217863417e-01 5.335770438854087194e-01
1.000000000000000000e+00 -2.160659435112239013e+00 -1.808145049204413490e-01 4.835319025363092216e+00 1.330333625002145359e+00
1.000000000000000000e+00 3.208353516824506535e+00 -1.880566937306978437e+00 -2.629282254777352446e+00 4.916230885550781360e-01
1.000000000000000000e+00 1.540822552638731135e+00 2.215096774990629402e+00 -1.855917208932850171e+00 -2.762035845570726122e-01
1.000000000000000000e+00 -1.987626750413578502e+00 9.474171874776231572e-01 2.543068540621746365e+00 -3.574330400936495344e+00
1.000000000000000000e+00 -1.823675199738576280e+00 9.141639062433499774e-01 -2.654956552297148331e+00 -1.362619988453634079e+00
1.000000000000000000e+00 1.400470961691730354e+00 -1.424862745276224141e-01 1.283596419982603321e+00 -1.026459911666968594e+00
1.000000000000000000e+00 -4.218257698323553129e+00 3.791327838911064063e+00 2.932200494351193232e+00 -5.535145587436820946e+00
1.000000000000000000e+00 -2.730520241932337555e+00 -2.942161715531446120e+00 -3.319463214678886498e+00 9.020041946091744478e+00
1.000000000000000000e+00 -3.948550600254205456e+00 1.496178918476407826e+00 2.463960436120363084e+00 7.247728240878392736e-01
1.000000000000000000e+00 1.406039762489531997e+00 -3.858750806170390124e+00 -1.424081768286916461e+00 3.473756732504082123e+00
1.000000000000000000e+00 5.279672685812147881e-02 -2.372796661291125986e+00 -1.461314651502896078e+00 1.107049196557781112e+00
1.000000000000000000e+00 7.470064321298581778e-01 -2.927233967777186141e+00 -9.820849638483798438e-01 1.803767091605486206e+00
1.000000000000000000e+00 1.643940984873406341e+00 1.439162321567857838e-01 3.836491310564216217e-02 5.369078552037152008e+00
1.000000000000000000e+00 3.826004235004562659e+00 -2.288676904483321728e+00 -6.677285899304459260e-01 6.086305724038623133e+00
1.000000000000000000e+00 -1.190605498266231743e+00 -2.711353312536626259e+00 6.035443688031236320e+00 2.013469040823753886e+00
1.000000000000000000e+00 3.545893756464158386e+00 2.567813660905038819e+00 -1.351725283039761916e+00 -1.751162762479397283e+00
1.000000000000000000e+00 -2.475819340454185724e+00 1.460712036362283639e+00 -6.287422430037160614e-01 -3.488658425777042549e-01
1.000000000000000000e+00 2.705006737353756296e+00 4.728121758152167287e-01 6.908897204472229880e+00 -3.560559451054354785e+00
1.000000000000000000e+00 8.042128944457682671e-02 -2.484844352358971609e+00 -2.833431440354925446e+00 -4.296550747268891302e-01
1.000000000000000000e+00 -4.158103669831134219e+00 3.836974549752415697e+00 -9.577692229735238483e-01 -3.250500363288653105e-01
1.000000000000000000e+00 2.635198200951806236e+00 4.188121220262547295e-01 -4.902670956002834757e+00 -2.086458903051202629e+00
1.000000000000000000e+00 -1.538578103901042438e+00 -1.707449717289239555e+00 1.125231312282646501e+00 2.175031261141255334e-01
1.000000000000000000e+00 2.429822319603516245e+00 3.280667292649390721e+00 6.656880221801407815e-01 -1.983832454112477661e+00
1.000000000000000000e+00 3.560873227877606517e+00 2.838142608334930372e+00 -3.779420243085247932e+00 -2.278543492825928496e+00
