# time = 0.000000
# columns: mass x y vx vy
1.000000000000000000e+00 -1.254972245249231788e+00 4.507735404375034172e+00 -7.519384197681081017e-02 1.194450700968028301e-01
1.000000000000000000e+00 2.320051551863177686e+00 9.866438461537740956e-01 2.241995576342586255e-02 1.186007168494390002e-02
1.000000000000000000e+00 -3.439441776940808104e+00 -3.439692234910137092e+00 7.445588033826730512e-02 7.259728440300600161e-02
1.000000000000000000e+00 -4.418860494713488407e+00 3.661858282949637999e+00 6.072744531352224084e-02 1.940835911843027950e-02
1.000000000000000000e+00 1.011181259912222963e+00 2.080678296771734104e+00 6.231285066327496916e-03 -9.496595810362199255e-03
1.000000000000000000e+00 -4.793671094412125022e+00 4.698737524262962317e+00 9.688477693927932677e-02 -7.223819627241662156e-02
1.000000000000000000e+00 3.324132159413435872e+00 -2.876712173250441928e+00 -5.896347491769024507e-02 -2.068849760557483694e-02
1.000000000000000000e+00 -3.181812063460045081e+00 -3.166144596422326263e+00 -1.243798773656066073e-02 -3.802161399675846321e-02
1.000000000000000000e+00 -1.953817012471137371e+00 2.445655193079799006e-01 7.940175275901022456e-01 -6.424853565337929062e-01
1.000000000000000000e+00 -6.806708115530165637e-01 -2.087890952775739883e+00 -2.423240388678562368e-02 -3.649740918721179617e-02
1.000000000000000000e+00 1.118476465763208916e+00 -3.604286205191003845e+00 -1.047613237235295314e-02 1.554316198392017845e-01
1.000000000000000000e+00 -2.078246905379862230e+00 -1.336601395149123794e+00 6.140471385163942530e-02 -4.405176938099096551e-02
1.000000000000000000e+00 -4.393999086888701333e-01 2.851533525795870716e+00 -1.996503824453885537e-02 -4.522822723984770699e-02
1.000000000000000000e+00 -3.003189886208180504e+00 1.422437951030512682e-01 1.445816201347054769e-02 -2.012023560348573034e-02
1.000000000000000000e+00 9.241734382912896173e-01 -4.535229350931724746e+00 5.549822625465557213e-03 5.330430664206961544e-02
1.000000000000000000e+00 1.075630032162823824e+00 -3.295053662803940409e+00 3.648013704207343777e-02 -5.926858378210611566e-02
1.000000000000000000e+00 -4.349573849019743754e+00 4.488737817926768514e+00 -1.798463042902869249e-02 -2.345445532981828979e-02
1.000000000000000000e+00 4.655728898753664247e+00 3.083563353142773966e+00 -1.183975770052655002e-01 -8.221546531872964136e-02
1.000000000000000000e+00 -1.952375558413353529e+00 -4.022185644904178403e+00 3.001085633402510444e-01 2.205379847885712008e-01
1.000000000000000000e+00 1.842316705830344903e+00 -5.985267338661394154e-01 -2.711078209415464582e-03 -1.034812964270490770e-02
1.000000000000000000e+00 -3.778596544936885238e+00 -4.841511739090063188e-02 2.053087997535124609e-01 -3.709472790014439053e-02
1.000000000000000000e+00 -4.655649387125494698e+00 4.093136106056651791e+00 9.312704857931534963e-02 -1.356748517038921902e-02
1.000000000000000000e+00 -2.414472296409700292e+00 1.618205102385596339e+00 -3.631007876318931293e-01 -1.128640286722909503e+00
1.000000000000000000e+00 -1.886153299343702683e+00 2.003591066857800251e-01 -6.790141395958877446e-01 -4.319014700378200067e-02
1.000000000000000000e+00 4.670909863509588589e-01 -3.151157625034227916e+00 -2.388209751730370738e-03 5.960101846096076822e-02
1.000000000000000000e+00 4.695409514140163054e+00 2.751858498845129120e+00 -8.747932966385436881e-02 1.063238965964240224e-01
1.000000000000000000e+00 4.394272378314536098e+00 3.947320114120399737e+00 -1.442131985237174729e-01 -1.916934354837698806e-01
1.000000000000000000e+00 9.790947220132298900e-01 4.218476024263346780e+00 1.899368429912316053e-02 -5.327345916178546220e-02
1.000000000000000000e+00 -4.114836997154681875e+00 -3.040090776308703280e+00 4.760357816784464846e-02 1.612054484893253939e-02
1.000000000000000000e+00 -4.547433353303715897e+00 -1.746872026774024311e+00 5.876201205772507707e-02 -3.510409899446347015e-02
1.000000000000000000e+00 -1.113004741268046605e+00 -2.286506610043361309e+00 4.451657218555439555e-02 6.095423717498629074e-04
1.000000000000000000e+00 3.287309951612521708e+00 -1.432467613914097049e+00 -1.303008449990231132e-02 -1.772754723327352741e-04
1.000000000000000000e+00 -2.189854804791851794e+00 4.262502078102972103e-01 1.597073285246729535e-01 -1.420937039571673055e-01
1.000000000000000000e+00 -3.590881021538772977e+00 3.021962042780259150e+00 -2.465504921051472897e-02 -1.545264952682528104e-03
1.000000000000000000e+00 -4.254677443762588496e+00 4.868237405217556102e+00 -3.683700879522054661e-02 -1.265089704168946283e-01
1.000000000000000000e+00 2.722890566791962730e+00 -3.012892835199912245e+00 8.880472292721003358e-02 -9.955723757905448126e-03
1.000000000000000000e+00 -4.944456413289218588e+00 3.154710317267613195e+00 6.449456292342478636e-02 1.921621511249487629e-02
1.000000000000000000e+00 2.068393904142385775e+00 2.290073927616460114e+00 -3.593366336090342283e-02 4.783411309915138257e-04
1.000000000000000000e+00 2.712594660234299848e+00 -4.259340359881776727e+00 -2.176144904045998474e-02 4.262644021655411647e-02
1.000000000000000000e+00 -1.417350524269657797e+00 -3.841445381530139258e+00 -4.052572964378435283e-01 -2.794313597077363598e-02
1.000000000000000000e+00 3.631142446917035915e+00 1.232918986201394951e+00 2.173160938435024156e-02 -1.242535227925046712e-02
1.000000000000000000e+00 -1.691305195101016734e+00 -4.363534189366320426e+00 -5.709016213631772085e-02 1.768634186191788693e-01
1.000000000000000000e+00 -1.889901551499262755e+00 -1.747761167770222723e+00 5.513675556023349411e-02 8.128010513442696094e-02
1.000000000000000000e+00 2.296076777556373294e+00 1.375165097031410211e+00 3.022435685659163526e-03 -8.201468103450099134e-02
1.000000000000000000e+00 3.871919583225420958e+00 -2.777156827322413424e-01 -4.157276081688314473e-02 2.702198929268175703e-02
1.000000000000000000e+00 -3.803946665016226358e+00 2.132446357262967496e+00 2.217541887078868651e-02 -3.038147126161466630e-04
1.000000000000000000e+00 2.607810154790060064e+00 6.128635190789007980e-01 -8.062671025762434274e-03 1.832056728679323093e-02
1.000000000000000000e+00 2.709606849494330394e+00 -6.186487955879369643e-02 -1.298617597589686243e-02 3.584188462666337838e-02
1.000000000000000000e+00 2.273318257688879684e-01 -7.246279960260401110e-01 7.062892646376486274e-04 -7.636085816508036452e-03
1.000000000000000000e+00 -4.745616030629423499e+00 -3.920937952961095263e+00 3.854146637598112463e-02 2.955649909045274248e-02
1.000000000000000000e+00 -4.685474934422643400e+00 1.363861240769945971e+00 4.664903112366645260e-02 -4.861370220319807811e-02
1.000000000000000000e+00 -1.857918442154809613e+00 8.959411507662706775e-02 -3.110478102181919446e-01 7.991084362945457542e-01
1.000000000000000000e+00 4.075964227489967229e+00 -2.510709233507771643e+00 6.274336981980377370e-02 -7.674493671841517983e-01
1.000000000000000000e+00 -8.960315351938603623e-01 2.555461929938351862e+00 2.786388839540492046e-02 -9.882170468221101664e-03
1.000000000000000000e+00 -2.711652234176691323e+00 -4.229953892928127956e+00 7.323333992918557023e-02 4.940501184897826831e-02
1.000000000000000000e+00 -2.101997900368693273e+00 -3.387863255379420568e+00 9.762119128035323667e-02 -1.522687404486475736e-02
1.000000000000000000e+00 4.297173741482751552e+00 3.081072557090450470e+00 3.964791407739861467e-02 -2.630879601693030326e-02
1.000000000000000000e+00 1.334029946783359399e+00 3.714536240885483398e+00 -1.529040288759959260e-03 -1.392553664846630200e-02
1.000000000000000000e+00 3.036529245817191303e+00 -3.133828725285036754e+00 -3.841469636347655259e-02 9.420563864123704390e-02
1.000000000000000000e+00 3.925291878602321649e+00 3.934276371945105710e-01 -5.962592318799387475e-02 1.046037057024099513e-03
1.000000000000000000e+00 3.074447694365518124e+00 3.960396013935544524e+00 9.278155005481441425e-03 -1.035224738264001465e-01
1.000000000000000000e+00 -1.819861194064838150e+00 -3.900124590788727641e+00 1.863391601269816233e-02 -1.304130755297381317e-01
1.000000000000000000e+00 -2.720518327024205707e+00 -7.288370642392117960e-01 2.600986679103511889e-02 1.702191853161260510e-02
1.000000000000000000e+00 3.180052306488716063e+00 3.607489689130306321e+00 -1.911889000954007656e-02 3.689740754277920365e-02
1.000000000000000000e+00 -4.930226265096090188e+00 1.075346479673323224e-01 5.048448965685189971e-02 1.232582137540381984e-02
1.000000000000000000e+00 -8.259410564277017697e-01 -2.778673742153929371e+00 -1.022175550610933403e-02 4.966464775802938852e-02
1.000000000000000000e+00 -3.801286105317322583e+00 -1.623851728104397374e+00 1.203827387245400699e-02 -6.938044147647038241e-04
1.000000000000000000e+00 4.428899190140607622e+00 -1.768184623505374864e+00 -3.955619979311181256e-02 -4.280069284515826411e-02
1.000000000000000000e+00 1.879436463080598751e-01 2.030155814716217311e+00 7.485151362229285413e-03 -6.755234891248306645e-03
1.000000000000000000e+00 -1.363317023855404653e+00 4.716943011721318690e+00 7.789691239053814220e-02 -1.765405559860395157e-01
1.000000000000000000e+00 4.624633515946642071e+00 -2.482403202557749822e+00 3.277243253014482105e-02 -4.550295132715297119e-02
1.000000000000000000e+00 -2.763582815888239452e-02 -1.991428026080424241e+00 -2.418012167000472418e-02 -4.224581525226794865e-02
1.000000000000000000e+00 -2.151360096725574156e+00 -4.630515879342728347e+00 4.702757208705487385e-02 1.229681823635210558e-01
1.000000000000000000e+00 1.095859852453645145e+00 2.696608231651147561e-02 4.335205130928902056e-02 3.523215579349024684e-02
1.000000000000000000e+00 -4.484996174308472305e+00 -2.213302434325371326e+00 4.326222633988320576e-02 4.662747374091506108e-02
1.000000000000000000e+00 4.082406758719387518e+00 -2.600602091977335828e+00 -5.316978410988040804e-02 7.969357092745352755e-01
1.000000000000000000e+00 -3.551576680261221863e+00 -1.052290367522510650e-01 -1.061556902833703797e-01 4.890731091957434273e-02
1.000000000000000000e+00 4.855454537527664982e+00 -2.579082949904496047e+00 -2.107750215964350748e-01 7.314724145631834595e-02
1.000000000000000000e+00 1.721465155988603613e+00 2.615943941108891391e+00 2.196045720777115712e-02 -5.046794892319490800e-02
1.000000000000000000e+00 -2.623576187197284693e+00 2.281890620300213168e+00 9.670997971157502260e-03 -5.457991108958332171e-02
1.000000000000000000e+00 -1.322272804144392522e+00 1.322959565060599196e+00 -2.082974570495214200e-02 -1.975378961555802199e-02
1.000000000000000000e+00 1.335208101203813724e+00 3.574842855562289090e-01 -1.784639201906750017e-02 -5.257389621979283167e-02
1.000000000000000000e+00 -4.097178087245463729e+00 3.353215564997808595e+00 -1.519622099385030921e-02 3.818206996568244971e-02
1.000000000000000000e+00 -1.792302784889969969e+00 -3.135151363327806529e+00 -2.075004516454251324e-02 -6.742493153254965066e-02
1.000000000000000000e+00 -4.592113144519254675e+00 9.090616021635553601e-01 2.708239667115824867e-02 2.647342577931507956e-02
1.000000000000000000e+00 1.775557338758746662e+00 -4.833876438387283869e+00 -1.725699356989414748e-02 4.905674283781797512e-02
1.000000000000000000e+00 1.215674393894053268e-01 -2.734472201138620662e+00 1.282934301657470133e-01 1.148113733561395011e-01
1.000000000000000000e+00 1.451152437448065102e+00 -3.256418278956785262e+00 -1.153009002389831505e-01 -1.660477769644339366e-02
1.000000000000000000e+00 1.909322260487385625e+00 -1.132431326386411419e+00 -1.102580107521144645e-02 4.306202826090912983e-02
1.000000000000000000e+00 4.367129671360421739e+00 -3.624535387552213272e+00 -3.404253829704723122e-02 5.103797529110643688e-02
1.000000000000000000e+00 -1.589180090163599068e+00 -3.865211262174598872e+00 3.430009067915776311e-02 1.089595333417448658e-02
1.000000000000000000e+00 4.247382051376866308e+00 3.773731757038345513e+00 8.996666948285755860e-02 6.863198485211782773e-02
1.000000000000000000e+00 -2.418250621724129079e+00 1.606741047839516989e+00 3.753051593375588135e-01 1.105225715014133359e+00
1.000000000000000000e+00 3.172006997815224327e+00 5.520161979782957085e-01 -4.301295401052435130e-02 1.616846354044960792e-03
1.000000000000000000e+00 2.957804337158037589e-01 -2.582061849860845637e+00 -1.459690533737896811e-01 -1.177852626472869202e-01
1.000000000000000000e+00 -4.069318992932888790e+00 3.971953758420265768e+00 -6.940421237906017893e-02 -4.080396672039381806e-02
1.000000000000000000e+00 4.003673370947904431e+00 1.330858859587952914e+00 -1.015426755181933621e-01 -3.118251127242296916e-02
1.000000000000000000e+00 -1.610073167576581588e+00 -1.508122386914956703e+00 -7.439006514973026118e-02 -4.370626964080349258e-02
1.000000000000000000e+00 2.259586769476554124e+00 3.970906158636203553e+00 5.998922313988824806e-03 -3.929109679551931467e-02
1.000000000000000000e+00 3.871014851121229672e+00 2.798867450958806735e+00 3.015822151023000303e-02 2.240533029909116958e-02
