# time = 0.900000
# columns: mass x y vx vy
1.000000000000000000e+00 -1.150010690787887535e+00 3.113685044201115915e+00 1.084976738293492504e+00 -4.978017689361184495e+00
1.000000000000000000e+00 1.972781399356232424e+00 7.453139048381516307e-01 -5.092020899849158511e+00 -9.433315483612129126e-01
1.000000000000000000e+00 -1.398408719766796482e+00 -2.346825134640157184e+00 2.745171815610827792e+00 3.901496932431417264e+00
1.000000000000000000e+00 -2.803121578218830123e+00 2.242886488582548132e+00 4.177537985952890942e+00 -4.382430561386615686e+00
1.000000000000000000e+00 1.890448505144915359e+00 1.784726271601319691e+00 2.299073019481680635e+00 -1.365158028746597196e+00
1.000000000000000000e+00 -4.213182408781312560e+00 1.649383655206031474e+00 6.798858715832706290e-01 -3.878541438877649572e+00
1.000000000000000000e+00 3.082867528016416614e+00 -1.894095286772418785e+00 5.969252329564087578e-01 6.275019439544359479e+00
1.000000000000000000e+00 -1.957942354357765868e+00 -1.860364497855558907e+00 5.258779976335644868e+00 4.232258571664545777e+00
1.000000000000000000e+00 -2.605639667739233722e+00 -2.395185252775010321e-01 1.948089723260817641e+00 -5.089790177482635958e-01
1.000000000000000000e+00 -7.509307572986804180e-01 -2.175006627602667830e+00 -1.050598184227169662e+00 5.275851229747076765e+00
1.000000000000000000e+00 -3.459325376267483598e-01 -2.196898433068916301e+00 -9.278699108209554902e-01 1.898477910680146818e+00
1.000000000000000000e+00 -1.351302238868157035e+00 -1.765905833621801424e+00 -1.970617571497572218e+00 7.827054134096147475e-01
1.000000000000000000e+00 -6.828316637414788559e-01 1.590064104575730219e+00 -2.899003763425453753e-02 -2.505611886491873275e+00
1.000000000000000000e+00 -1.369553364981624721e+00 -1.465352704086161917e-01 1.613257660088517564e+00 1.475597172775755528e+00
1.000000000000000000e+00 6.579355287098723748e-01 -2.278294865360850796e+00 -1.313875803389545016e+00 2.574733958033805226e-01
1.000000000000000000e+00 -1.146507820695410240e+00 -2.362699295676976785e+00 -4.530538383124409485e+00 7.861200186118295630e-01
1.000000000000000000e+00 -2.140956022892587463e+00 2.629036202896035679e+00 3.752459956268532348e+00 -3.140991772302911045e+00
1.000000000000000000e+00 2.887486800419807764e+00 1.807830992105055046e+00 -3.631022009585479271e+00 -2.145953515393918209e+00
1.000000000000000000e+00 -1.501020848436747768e+00 -2.128510409628865396e+00 4.973685078145072325e+00 8.068432395425119807e+00
1.000000000000000000e+00 1.635837185864767784e+00 -6.709225843713561011e-01 -2.520389096359459402e-01 1.758778460426530854e+00
1.000000000000000000e+00 -2.248614890946659894e+00 4.433155088099383634e-01 -8.887578132617299786e-01 -3.058430347125993709e+00
1.000000000000000000e+00 -3.320003644172249579e+00 2.605997982728157858e+00 2.434904120984406894e+00 -1.678738667506065152e+00
1.000000000000000000e+00 -1.970915429991617840e+00 1.069206776465592423e-01 1.804199927850766327e+00 -1.907758476965089711e+00
1.000000000000000000e+00 -2.621775933064110831e+00 -2.756701953171424302e-01 -2.507193375017038872e-01 2.453726854734589402e+00
1.000000000000000000e+00 -1.528459400318457284e+00 -1.373501342686290982e+00 -1.404520062754428755e+00 1.616879702300245469e+00
1.000000000000000000e+00 2.556291365254283576e+00 2.633888009029237143e+00 -4.179845867715225260e+00 -5.252024460999949795e+00
1.000000000000000000e+00 2.362964371341988556e+00 2.737317026130788200e+00 -3.755837811258931236e+00 -2.621311574443821790e+00
1.000000000000000000e+00 2.616090262488801166e+00 1.877445126625382876e+00 3.253136710890184524e+00 -4.216995530267070968e+00
1.000000000000000000e+00 -1.094261382130607529e+00 -2.625829200489572468e+00 7.006442621866232123e+00 3.394069153510822723e+00
1.000000000000000000e+00 -2.511565230009851657e+00 -1.531262511316898944e+00 6.024174577996413760e+00 3.290818064116584479e-02
1.000000000000000000e+00 8.109869418490088799e-01 -2.318777534387638450e+00 1.253158549650029041e+00 3.278046982599424286e+00
1.000000000000000000e+00 2.526316896968976433e+00 -2.457880241198819871e+00 -5.774290868420071554e+00 -1.739921644090011599e+00
1.000000000000000000e+00 -1.642887861784516179e+00 5.062429472248392709e-02 -3.654825890551223755e-01 -1.116860956479971190e+00
1.000000000000000000e+00 -3.948085048454453183e+00 3.594441922627406250e+00 2.106489419586470735e+00 -1.118383475560396079e-01
1.000000000000000000e+00 -3.980013349618023000e+00 3.129546694328478207e+00 -9.506802666500606680e-01 -1.505397546631069616e+00
1.000000000000000000e+00 3.118668934117557079e+00 -1.840697200864126026e+00 -5.770496433447370066e+00 2.787005986427842696e+00
1.000000000000000000e+00 -4.839035267171685639e+00 3.751596643103910278e+00 -3.242064170321822258e-01 -2.022957901037214068e+00
1.000000000000000000e+00 1.521794118556715869e+00 1.184165142048511310e+00 2.969721450800561158e+00 -2.874866507336431454e+00
1.000000000000000000e+00 2.027578047548941331e+00 -2.247231070455448787e+00 4.401847501711280142e-01 5.257242343873286927e+00
1.000000000000000000e+00 -1.627532257969259932e+00 -1.832320044962983729e+00 3.515164873172531568e+00 4.031502003066537831e+00
1.000000000000000000e+00 1.485669523238934975e+00 1.967173959063880928e-01 -2.948362608995813705e+00 -7.927150720390382377e-01
1.000000000000000000e+00 -1.016258111729782199e+00 -1.959086923344719677e+00 -3.567575142238279540e-01 2.782701538340943692e+00
1.000000000000000000e+00 -6.657833170716054294e-01 -2.475710884743050233e+00 3.158938829225399036e+00 -5.069025054661028484e+00
1.000000000000000000e+00 3.022882458747234935e+00 4.622259478221077966e-01 -3.518044873220026458e-01 -1.106108410092739858e+00
1.000000000000000000e+00 1.640702302426232606e+00 7.067280144470516889e-01 -1.347820634115553196e+00 -1.552546662791898902e+00
1.000000000000000000e+00 -3.025965541215923871e+00 1.849913356112430574e+00 1.816300682802882038e+00 -2.408214753642067052e+00
1.000000000000000000e+00 2.256688977324938339e+00 -2.490709437566489826e-01 -4.023129660216298475e+00 -9.133086563463741481e-01
1.000000000000000000e+00 1.972308700756684630e+00 -2.559790995677264092e-01 -4.224137768145213023e+00 -2.791519170099480807e+00
1.000000000000000000e+00 1.564583420322194496e-01 -1.155196802706063730e+00 -6.527908436750610166e-01 -1.339110690154518224e+00
1.000000000000000000e+00 -2.878460208728539360e+00 -2.554924436063640503e+00 4.936382803208301695e+00 3.489123173076168261e+00
1.000000000000000000e+00 -2.997862721535514474e+00 6.184269798470842794e-02 5.622259907996041584e+00 -8.106070243426113375e-01
1.000000000000000000e+00 -2.260613451427439191e+00 5.298429124734900242e-01 -4.196597889876060528e+00 1.380571393141222902e+00
1.000000000000000000e+00 2.465524939303406438e+00 -2.011696040554342257e+00 -3.793846352948722078e+00 2.944045564715682683e+00
1.000000000000000000e+00 -1.793339351081554289e-01 1.468436879392336580e+00 1.379492445666953504e+00 -2.866944759841726587e+00
1.000000000000000000e+00 -1.397037645564671582e+00 -1.473538923279643864e+00 1.486739934161397381e+00 8.358951166163498314e+00
1.000000000000000000e+00 -1.480970840541201206e+00 -5.135584816780244033e+00 1.069334825405145573e+00 -7.828739571116181128e-01
1.000000000000000000e+00 3.002130952783546469e+00 2.878369859232430272e+00 -5.002439783038347798e+00 -2.626231968585336585e+00
1.000000000000000000e+00 5.741390635622687366e-01 3.047768187674481766e+00 -1.038038781493751062e+00 -2.532520634747084554e+00
1.000000000000000000e+00 3.088165273620429474e+00 -1.937869005125176569e+00 -3.739840557596639581e+00 -2.529136039364046518e+00
1.000000000000000000e+00 1.258176578009709168e+00 7.733487959359555131e-01 -1.962773062817342540e+00 -1.592572267833468058e-01
1.000000000000000000e+00 3.196101421347020910e+00 1.990630118254331782e+00 -3.101934564258230331e+00 4.444638897096275243e-01
1.000000000000000000e+00 -1.379973140028270429e+00 -1.414836536420052360e+00 4.019692578303206254e+00 3.208667892887810957e+00
1.000000000000000000e+00 -2.453291633416891937e+00 -1.058208975486365083e-01 1.027651675377875051e+00 -1.874496416545031074e+00
1.000000000000000000e+00 2.289575163408318126e+00 2.622005608694431000e+00 1.404367160829631755e+00 -4.727126745113050532e+00
1.000000000000000000e+00 -2.167602283745191372e+00 1.872998965216088052e-01 8.753724248347669601e+00 -9.469356397648506229e-01
1.000000000000000000e+00 -2.054128517580776858e+00 -1.408621380110953725e+00 -1.009391996246478573e+00 -1.392129438333327807e+00
1.000000000000000000e+00 -2.244169675085802673e+00 -1.933702059815052277e+00 7.102712223474753728e+00 2.415314849991708535e+00
1.000000000000000000e+00 2.219235249090357076e+00 -2.229959979728167507e+00 -3.449308809036693901e+00 3.811808251743430631e+00
1.000000000000000000e+00 4.546676463227719567e-01 1.636317138782122038e+00 5.474828736971161236e-01 -1.380541989982545958e+00
1.000000000000000000e+00 -1.410660445848868960e+00 3.587739713901985095e+00 -1.084756999534605804e+00 -1.041177109598356187e+00
1.000000000000000000e+00 2.509389953439334242e+00 -2.322170663993119444e+00 3.594849209835632164e-03 1.703394260375442837e+00
1.000000000000000000e+00 5.416496664853737153e-01 -2.514206164781817687e+00 1.656697422102310080e+00 4.293073046833963069e+00
1.000000000000000000e+00 -2.247721874173489898e+00 -2.915952315338476986e+00 7.411619823855652989e-02 4.953108312332373586e+00
1.000000000000000000e+00 2.062608367519207064e+00 4.800182738047102937e-01 1.247247727227005498e+00 4.130320651184677949e+00
1.000000000000000000e+00 -2.338566149396133387e+00 -1.794477662913036120e+00 4.469990377503694212e+00 -1.545876809940873509e+00
1.000000000000000000e+00 2.339835499468551294e+00 -1.640846864049174680e+00 -3.507237022825437922e+00 3.971355930680259938e+00
1.000000000000000000e+00 -2.221141430491388569e+00 4.371378478125866884e-01 -5.618808757665044062e+00 -3.760451646913112733e-01
1.000000000000000000e+00 3.131160753431061927e+00 -2.058212578766529077e+00 8.923704872532826071e-01 -1.306994010954243279e+00
1.000000000000000000e+00 1.472164294423159214e+00 1.220355719641278869e+00 -3.284957213017607902e+00 -4.685358210422064573e+00
1.000000000000000000e+00 -1.851011961721017673e+00 -1.110415869646316084e-01 4.992064563302514024e+00 -5.297197711211673266e+00
1.000000000000000000e+00 -2.194813118179347544e+00 4.272508418243960437e-01 5.663411684665330625e+00 -2.111014158388266893e+00
1.000000000000000000e+00 1.974047966657308306e+00 -2.292373804608020815e-01 3.562538316698771634e+00 2.172957846669010262e-01
1.000000000000000000e+00 -3.669321018961925862e+00 3.852356340485418418e+00 2.085643267552480307e+00 -2.359168218706962694e+00
1.000000000000000000e+00 -9.523391161302137142e-01 -1.832176945901394349e+00 2.531543779655080595e+00 -2.555856351007093963e+00
1.000000000000000000e+00 -2.938296108818815533e+00 1.771136222293202778e+00 3.711168703076029640e+00 2.587188287288558985e+00
1.000000000000000000e+00 6.864134243426310844e-01 -2.287497901920533927e+00 -4.471897184350492438e+00 9.573832790265333514e+00
1.000000000000000000e+00 -4.498546484703797033e-01 -2.450887204453367829e+00 -3.582861432404755408e+00 3.878585828582308270e-01
1.000000000000000000e+00 -3.895741921351809078e-01 -2.510717301305848803e+00 -9.291810188375093205e+00 2.578608011876725836e+00
1.000000000000000000e+00 2.183774073062465071e+00 8.163142226571625804e-01 1.061902607486057581e+00 3.327439288167401976e+00
1.000000000000000000e+00 2.295307743866315864e+00 -1.815904527147267356e+00 -6.671903860289653210e+00 -1.639341637167746502e+00
1.000000000000000000e+00 -9.566367826420838494e-01 -1.413096028313691299e+00 -1.487908067841440696e+00 1.267825853541961978e+00
1.000000000000000000e+00 3.264007063119857666e+00 2.112925418983913950e+00 -3.727902503595027284e+00 -3.967362470213887438e+00
1.000000000000000000e+00 -1.964030071432381508e+00 1.377235393169038702e-01 1.912161288013677352e+00 -5.232051350798836431e+00
1.000000000000000000e+00 2.166719815143887118e+00 9.193297045389078326e-01 -6.338017634526766031e+00 -1.344847131899807868e+00
1.000000000000000000e+00 -4.138277394373304774e-01 -2.546354294584037170e+00 -1.434098710249154474e+00 6.121278267536049977e-01
1.000000000000000000e+00 -3.480794637907407729e+00 2.965466121229622498e+00 2.425964187636691083e+00 -2.481227616980997475e+00
1.000000000000000000e+00 1.866590469300306365e+00 8.542480135127384910e-01 -1.552751445098558891e+00 2.603164927064935075e+00
1.000000000000000000e+00 -1.795430819450166249e+00 -1.981106149868040900e+00 -1.371177357117856932e+00 1.610252178603368556e+00
1.000000000000000000e+00 2.731078675212246232e+00 2.816466873135224258e+00 -4.132974290201376633e-01 4.623180403286796247e-01
1.000000000000000000e+00 3.294679965374720521e+00 1.774654884665862520e+00 -1.052145412284557491e+00 -4.177417958833385292e+00
