# time = 0.300000
# columns: mass x y vx vy
1.000000000000000000e+00 -1.339681007595465045e+00 4.544742704299358671e+00 -8.459667182669631247e-01 7.905727385702292498e-01
1.000000000000000000e+00 2.303403958534450791e+00 1.098672861994582695e+00 -4.137308701622897933e-02 -9.778572435286351228e-01
1.000000000000000000e+00 -3.208904697643574444e+00 -3.234830358555613739e+00 -6.052394888055581124e-01 4.069042985856280992e-01
1.000000000000000000e+00 -4.278453812850966820e+00 3.992805801393888743e+00 6.741788569428348588e-01 2.822768860843388516e+00
1.000000000000000000e+00 1.048301178024859892e+00 2.035928498152187238e+00 2.754552472002989583e-01 -2.924732280333885992e-01
1.000000000000000000e+00 -4.079455758617951844e+00 4.275352330535753254e+00 3.371491597601098178e+00 -3.127097187861614280e+00
1.000000000000000000e+00 2.853636134114552192e+00 -2.972730407834996758e+00 -7.432857890214616958e-01 -6.613155244815630551e-01
1.000000000000000000e+00 -3.112475729870666008e+00 -3.206565858954244952e+00 2.608868112458953004e+00 6.729794853225967710e-01
1.000000000000000000e+00 -1.941396941383579877e+00 1.317534115887939727e-01 -6.608785517929340880e-01 3.381546614782729332e+00
1.000000000000000000e+00 -9.480757226435791996e-01 -2.383776383688676948e+00 -1.425904564982241718e+00 -3.230991662572987533e+00
1.000000000000000000e+00 1.053245620386057402e+00 -3.275207125966836941e+00 -2.965241322558455739e+00 1.250715053425331291e+00
1.000000000000000000e+00 -1.705475222293945770e+00 -1.577515845470441658e+00 6.700501380769275928e-01 2.907391935318067944e+00
1.000000000000000000e+00 -5.789356547192796576e-01 2.607702142840957915e+00 -1.604106536831865215e+00 -1.966859222010897357e+00
1.000000000000000000e+00 -2.942603643734611474e+00 5.051020576839164444e-02 2.921771393163236641e-01 -5.827527031930849200e-01
1.000000000000000000e+00 9.501516441381946398e-01 -4.279020588852533002e+00 1.663196573884785090e-01 1.685041944450961671e+00
1.000000000000000000e+00 1.241484231349874845e+00 -3.136771037457041889e+00 2.060972658277280267e-01 8.704673236462243668e-01
1.000000000000000000e+00 -4.481097722014155238e+00 4.303847978159651255e+00 -8.911762159525732363e-01 -4.564199349579325826e+00
1.000000000000000000e+00 4.358581449073887448e+00 3.101727145383818218e+00 -1.786366038334853634e+00 6.320997525691557373e-01
1.000000000000000000e+00 -1.718533670961145843e+00 -3.741356474719617964e+00 -2.431296699822927732e+00 6.567498887970149024e-01
1.000000000000000000e+00 1.833149377077726072e+00 -6.939083072584008027e-01 -1.000346432472557813e-02 -1.250280637850601950e+00
1.000000000000000000e+00 -3.361874057753234890e+00 -5.145931906668715916e-02 3.811253927278498210e+00 2.231154307537171755e-01
1.000000000000000000e+00 -4.192298999031526918e+00 3.932593255441801716e+00 6.603180506902306401e-01 -2.869046624949460167e+00
1.000000000000000000e+00 -2.395270017423081210e+00 1.554165139908578741e+00 -3.221178331005276618e-01 -1.711422737020782847e+00
1.000000000000000000e+00 -1.806015757164889823e+00 1.843661246157392297e-01 -1.655586966082225997e+00 -2.216841296964967345e+00
1.000000000000000000e+00 4.001591941760174187e-01 -2.835208700617476207e+00 -9.643112654091796632e-01 2.289303431472394568e+00
1.000000000000000000e+00 3.956130288124067640e+00 2.991762975271780700e+00 -2.074594859374192524e+00 -1.611427799066190270e+00
1.000000000000000000e+00 4.069777450703668364e+00 3.333662075754926235e+00 -7.317931970741917702e-01 -3.063902224733485280e+00
1.000000000000000000e+00 1.084187427235236312e+00 3.947420346410234870e+00 8.140941652008012452e-01 -1.907986773569591232e+00
1.000000000000000000e+00 -3.873155988443191422e+00 -2.960349464735615665e+00 1.617531075838045895e+00 5.079593582918044969e-01
1.000000000000000000e+00 -4.265694223114077310e+00 -2.025219313564579959e+00 1.528788925077422700e+00 -3.017306906404468303e-01
1.000000000000000000e+00 -7.286975883347212024e-01 -2.275155849620278392e+00 2.612721163443977090e+00 -4.138839668330299704e-01
1.000000000000000000e+00 3.225069860962663348e+00 -1.436868139829418078e+00 -3.959569188801776995e-01 -5.707210771793798376e-02
1.000000000000000000e+00 -1.935460630585379427e+00 1.828375100927454311e-01 1.465006757509557334e+00 -1.293769235655507277e+00
1.000000000000000000e+00 -3.706186373773475484e+00 3.026226454516547371e+00 -7.198153781770851856e-01 8.639135718631027472e-02
1.000000000000000000e+00 -4.591998233883566094e+00 4.211120276386577821e+00 -2.286812116978625409e-01 -2.012770591116846752e+00
1.000000000000000000e+00 3.241042031157259196e+00 -2.869748363389872381e+00 4.739904197373878136e-01 5.272464780812006202e-01
1.000000000000000000e+00 -4.614857044553709819e+00 3.272550384744138618e+00 2.302625836463795928e+00 1.017392870964020979e+00
1.000000000000000000e+00 1.802612813608826192e+00 2.394128562260497972e+00 -1.160382235107717097e+00 2.567717799704850590e-01
1.000000000000000000e+00 2.609385297621475974e+00 -4.053056984642293692e+00 -6.604439693608883388e-01 1.348354891340453277e+00
1.000000000000000000e+00 -1.898125476591907113e+00 -3.914404358046921661e+00 -2.475501766322611541e+00 4.733988570990240063e+00
1.000000000000000000e+00 3.760811607835810477e+00 1.267091669215780980e+00 -8.324160541643942368e-01 -2.718139342234029421e-01
1.000000000000000000e+00 -1.804005465356292248e+00 -3.236465379867305536e+00 2.537168076495116775e+00 3.690704447790873921e+00
1.000000000000000000e+00 -1.983712960379974799e+00 -1.503648573545305567e+00 -1.294508235285519060e+00 2.173638919274706038e-01
1.000000000000000000e+00 2.472506252912637592e+00 8.619973535518374863e-01 1.621545497336091435e+00 -2.384856341752171094e+00
1.000000000000000000e+00 3.665892718433965136e+00 -1.328342403722687082e-01 -1.392271438184345511e+00 1.039940246747538044e+00
1.000000000000000000e+00 -3.698633443900254392e+00 2.130710930905426181e+00 6.831903188444800046e-01 -3.620444854940168405e-02
1.000000000000000000e+00 2.572300324280304196e+00 7.253628011053964153e-01 -4.650175923568967140e-01 1.204245073829576906e+00
1.000000000000000000e+00 2.655768489757312167e+00 1.283664896739744044e-01 -2.872236359145358131e-01 1.397738917097374634e+00
1.000000000000000000e+00 2.304762874940820550e-01 -7.609596587893968644e-01 1.864686120510923584e-02 -2.388617706087928505e-01
1.000000000000000000e+00 -4.559632759096173160e+00 -3.778139730218071257e+00 1.219730503468960281e+00 9.317695353506363354e-01
1.000000000000000000e+00 -4.453365533686232780e+00 9.662466204383375334e-01 1.256488816450585189e+00 -2.549421996757076592e+00
1.000000000000000000e+00 -2.402556360674574343e+00 3.185915881089718127e-01 -5.455556064642615999e-01 -9.085105793814621800e-01
1.000000000000000000e+00 4.176865300970767692e+00 -2.364023955932547771e+00 -1.361532164891351704e-01 -9.229609550216356650e-01
1.000000000000000000e+00 -7.144558199875382654e-01 2.534541623140988520e+00 1.896011846017243707e+00 2.599914008611421412e-01
1.000000000000000000e+00 -2.288739194760222695e+00 -3.972071499795741367e+00 3.631892381134943282e+00 1.935296815216896782e+00
1.000000000000000000e+00 -1.831706300361974238e+00 -3.470906614252777356e+00 -1.184411412361742633e+00 -1.956270174128904804e+00
1.000000000000000000e+00 4.429689833053419790e+00 2.799087224955033371e+00 -1.812549245963537503e+00 -2.507583377436667926e-01
1.000000000000000000e+00 1.314424549773223205e+00 3.662833119884878474e+00 -2.474271135572074509e-01 -2.013392859706025217e-01
1.000000000000000000e+00 2.955080247140666305e+00 -2.875194287534726278e+00 1.147186255311481856e-01 2.137693591321340403e+00
1.000000000000000000e+00 3.632675256948063591e+00 4.024862689358584822e-01 -1.943056941429372797e+00 6.485155097763502241e-02
1.000000000000000000e+00 3.243802165756715983e+00 3.359590723094555198e+00 8.763916679666862164e-01 -2.633229919173682987e+00
1.000000000000000000e+00 -1.616756427994362699e+00 -3.766422108323204121e+00 -3.579052657957332961e+00 9.273724833903199682e-01
1.000000000000000000e+00 -2.600850305246554139e+00 -6.323718694124855766e-01 7.373954795811602514e-01 7.136875023500222071e-01
1.000000000000000000e+00 2.971161788759280942e+00 3.886194935007737605e+00 -1.053131607787513913e+00 4.924823450124561353e-01
1.000000000000000000e+00 -4.688835173828604042e+00 1.682641392944608238e-01 1.566094406661161953e+00 4.085747666003586853e-01
1.000000000000000000e+00 -8.703726294261420193e-01 -2.434124818873830254e+00 -5.682985943672547169e-01 3.983730923942928825e+00
1.000000000000000000e+00 -3.756247827016984786e+00 -1.640241177445691534e+00 2.058606975462414224e-01 -2.069682965994797674e-01
1.000000000000000000e+00 4.224915623243314933e+00 -2.029837909084561520e+00 -1.537292806533190337e+00 -2.252937844036750459e+00
1.000000000000000000e+00 2.237188232875272076e-01 1.998748386815451861e+00 2.271152409412667550e-01 -2.070981070491339227e-01
1.000000000000000000e+00 -1.266641742573898499e+00 4.405143168195658099e+00 9.176954897801120614e-01 -2.575135479803380090e+00
1.000000000000000000e+00 4.585524643769382180e+00 -2.533366354711474866e+00 -2.156996106276594105e+00 3.340102173533324725e-01
1.000000000000000000e+00 -1.407937720150232164e-01 -2.219329772282379931e+00 -6.920863713660770911e-01 -1.571181591579627890e+00
1.000000000000000000e+00 -1.837635426916967907e+00 -3.838920866306473556e+00 3.504028811364886753e+00 6.188144009835361281e+00
1.000000000000000000e+00 1.336632543939635598e+00 2.155058523299688833e-01 1.132577334437941674e-01 -7.363852209499925916e-01
1.000000000000000000e+00 -4.259956223718594615e+00 -1.872063843388199311e+00 1.875942276993053603e+00 7.906771393505174217e-01
1.000000000000000000e+00 4.165949099588141635e+00 -2.658067457682658397e+00 4.807594018733671315e-01 9.490822879525456779e-01
1.000000000000000000e+00 -3.461355230582176645e+00 -4.843452468107199704e-02 -2.410896928937331096e-01 1.426916296333688439e-01
1.000000000000000000e+00 3.916292132214515664e+00 -2.289191492431323027e+00 -3.167916729861235847e+00 2.242503435348912610e+00
1.000000000000000000e+00 1.916705095955544724e+00 2.277072458166971458e+00 6.846419691260753337e-01 -1.758059910980664498e+00
1.000000000000000000e+00 -2.562808822210247417e+00 1.993045931153618389e+00 5.066227914464604964e-01 -2.095600714523608410e+00
1.000000000000000000e+00 -1.429019042915277371e+00 1.224716526347094270e+00 -7.199144725389522437e-01 -6.538733258100929424e-01
1.000000000000000000e+00 1.226748984949963539e+00 8.268550870742411019e-02 7.880384938239132220e-01 1.767992075788644701e-01
1.000000000000000000e+00 -4.291834116397338583e+00 3.719438146063083206e+00 -2.774768438845982566e+00 2.995899139676704070e+00
1.000000000000000000e+00 -1.820316976512904139e+00 -3.799185542281069417e+00 9.497612214990159840e-01 -5.215687013435585939e+00
1.000000000000000000e+00 -4.471473035676633678e+00 1.194930344951705248e+00 1.051087482953295238e+00 1.810945326571252734e+00
1.000000000000000000e+00 1.690759085603377176e+00 -4.595825124446824006e+00 -5.673001502755490311e-01 1.564074300525845507e+00
1.000000000000000000e+00 2.725979409755480698e-01 -2.595462695598421909e+00 -7.686986980850812889e-01 -1.041244733674249190e+00
1.000000000000000000e+00 9.057443363853243667e-01 -3.351435765375078812e+00 -2.036536655943313734e-01 5.034206557775617874e-01
1.000000000000000000e+00 1.852465240899587640e+00 -8.756204091039233584e-01 -4.428610194582016102e-01 2.335773901897877813e+00
1.000000000000000000e+00 4.201065621479525447e+00 -3.364682303417390052e+00 -1.105923314837887084e+00 1.791068075428894790e+00
1.000000000000000000e+00 -2.004738123584722587e+00 -4.025589029402399710e+00 1.606799439566678034e+00 -3.300021777425835023e-01
1.000000000000000000e+00 4.311885015139407251e+00 3.733060201159478897e+00 -8.940297826372836099e-01 -1.923122410179775033e+00
1.000000000000000000e+00 -2.387309640957940182e+00 1.579745082949463475e+00 5.535969784813026262e-01 1.289069356214705309e+00
1.000000000000000000e+00 2.942669487578203125e+00 5.627775162826116340e-01 -1.697491074419136048e+00 1.338368459114543385e-01
1.000000000000000000e+00 9.669835388053127367e-02 -2.765622775112980047e+00 8.145445733412808309e-01 5.269590328977583615e-01
1.000000000000000000e+00 -4.219751224044356874e+00 3.626389932183279985e+00 2.314983098541794515e+00 -5.099683470257980744e-01
1.000000000000000000e+00 3.482117192899018665e+00 1.073465748024612809e+00 -1.816968961607745570e+00 -1.274367969126969147e+00
1.000000000000000000e+00 -1.696718572085580856e+00 -1.540711655247273937e+00 1.867406457241098439e+00 -3.347713963345951615e+00
1.000000000000000000e+00 2.292514583844464937e+00 3.780773976059840003e+00 2.402863829745694457e-01 -1.228629386779023225e+00
1.000000000000000000e+00 4.103806573407303482e+00 3.004877141782920535e+00 1.110912558208513312e+00 3.213747596807503548e+00
