# time = 0.500000
# columns: mass x y vx vy
1.000000000000000000e+00 -1.350546295689380116e+00 4.340176310180162922e+00 -5.002777074024927773e-01 -4.814440120759607700e-01
1.000000000000000000e+00 2.682538445077983447e+00 5.665028212904986704e-01 3.252483105890916715e+00 -2.792666080741867063e+00
1.000000000000000000e+00 -2.737955251393117795e+00 -3.096572420880606469e+00 2.770317998275174443e+00 6.069112237870457616e-01
1.000000000000000000e+00 -4.262391777757416733e+00 3.769315171192466174e+00 -8.596604494549446862e-01 -5.198853541260509026e+00
1.000000000000000000e+00 1.131671502100463744e+00 1.954970104487727456e+00 6.643305414531740505e-01 -4.912328456319604020e-01
1.000000000000000000e+00 -3.881107177562385324e+00 3.394474133649619585e+00 -2.068733599136280965e+00 -4.828927434873132363e+00
1.000000000000000000e+00 3.069871416289202681e+00 -2.756437527741494975e+00 2.251047223504802353e-01 1.108380900656602108e+00
1.000000000000000000e+00 -3.007371504690303343e+00 -3.042471506651374114e+00 1.001230257333357354e+00 1.346073417664122918e+00
1.000000000000000000e+00 -2.023694004421874748e+00 3.708019700027006538e-01 -6.153433142911223230e-01 -4.702512198155179846e-01
1.000000000000000000e+00 -8.786434485386779292e-01 -2.744909271828055886e+00 6.069057368185869494e-01 -1.165468214642411349e+00
1.000000000000000000e+00 7.732464513564319963e-01 -3.053641372305242019e+00 1.247864857186258836e-01 3.970352692957185070e+00
1.000000000000000000e+00 -1.573407983212388173e+00 -1.744754545821062264e+00 2.740316744054234199e-01 -1.183800196960292483e+00
1.000000000000000000e+00 -7.335247717361007558e-01 2.300041618045908010e+00 7.195802236964804477e-01 -1.154861609633342612e+00
1.000000000000000000e+00 -3.011393808448662224e+00 2.432121070453692468e-02 2.206208249953392819e+00 5.594755668437567664e-01
1.000000000000000000e+00 9.887735361797982403e-01 -3.807454246972772793e+00 1.760529600707003151e-01 3.034474849179665146e+00
1.000000000000000000e+00 8.925818270247729558e-01 -3.038585520097903725e+00 -4.587776786012192076e+00 4.743539508372857094e-01
1.000000000000000000e+00 -4.024367320386236457e+00 3.530502016798402032e+00 7.781682986233824373e+00 -1.133427504675343700e+00
1.000000000000000000e+00 3.636998497099765082e+00 3.135688045738151963e+00 -1.496886386647119149e+00 -1.271616947157731214e+00
1.000000000000000000e+00 -2.044539454757392516e+00 -3.502332026410905907e+00 -1.540791414125485481e+00 1.256403513009967332e+00
1.000000000000000000e+00 1.802150847449060178e+00 -9.271974382421648286e-01 -3.135143192585171934e-01 -2.347068713469641632e-01
1.000000000000000000e+00 -2.849290833063818251e+00 -5.459393118461581401e-02 3.813985697799023189e+00 -1.878273666020881805e-01
1.000000000000000000e+00 -4.100972512708772832e+00 3.624016322403420531e+00 2.606480842755585225e+00 -1.133173048546589179e+00
1.000000000000000000e+00 -2.433624342214857794e+00 1.508084984137953999e+00 5.691265555527300624e-01 -3.155476830344327688e+00
1.000000000000000000e+00 -1.986790278564434020e+00 3.423626125971336864e-01 -1.933223247684577872e+00 -2.865291064988912395e-01
1.000000000000000000e+00 -1.279828533683258496e-01 -2.646477668053173193e+00 -2.379122156956713585e+00 5.286547742164523500e-01
1.000000000000000000e+00 4.026831423596516579e+00 3.166713790405282225e+00 -2.024599415319189077e+00 4.607048836144343795e+00
1.000000000000000000e+00 4.076409341858653335e+00 2.673057821195560013e+00 -2.046287461343659242e+00 -1.427031357633167685e+00
1.000000000000000000e+00 1.504611475308729407e+00 3.362857628056422410e+00 2.476224572080808706e+00 -3.045139246970351987e+00
1.000000000000000000e+00 -3.420938245989410209e+00 -2.833595896919139268e+00 3.046383859217363543e+00 7.686790815410990962e-01
1.000000000000000000e+00 -3.656871103181069671e+00 -1.717112584797928276e+00 3.720850600857572577e+00 3.390292229439075822e-01
1.000000000000000000e+00 -2.577568967017480617e-01 -2.526910762940750566e+00 2.813872504390927176e+00 -4.254279115852615867e+00
1.000000000000000000e+00 3.123818212420709450e+00 -1.476606081667435344e+00 -5.905493512920847454e-01 -4.316717006153352187e-01
1.000000000000000000e+00 -2.234907957603925688e+00 -2.881867421546803754e-01 -2.364357591635283473e+00 -2.403788050213243044e-01
1.000000000000000000e+00 -3.911042383192202987e+00 3.120396952372357813e+00 -1.528754741282283280e+00 1.608316151243983860e+00
1.000000000000000000e+00 -4.059664902529772412e+00 3.269134376873053860e+00 2.480397131429775470e+00 -4.266963711920531033e+00
1.000000000000000000e+00 2.853644293665850817e+00 -2.725555383011681876e+00 -1.882959973633945516e+00 7.530557989310447953e-01
1.000000000000000000e+00 -4.149235620689744053e+00 3.918927807544816400e+00 -1.625300808281791465e+00 4.780010104396488657e+00
1.000000000000000000e+00 1.803080192481302024e+00 2.121474202461465008e+00 1.754102533371472372e+00 -3.725929668446864795e+00
1.000000000000000000e+00 2.436565376649914683e+00 -3.684221232128134904e+00 -1.048173544375984312e+00 2.338340849677001732e+00
1.000000000000000000e+00 -1.635941442421475989e+00 -3.460066322850005260e+00 -3.132804713598056900e-01 3.116019583566340678e+00
1.000000000000000000e+00 3.375976449777153832e+00 1.077764995283425176e+00 -2.984529474743725430e+00 -1.631950007832432270e+00
1.000000000000000000e+00 -1.364251362486949448e+00 -2.611870771262569946e+00 2.448044225421643016e+00 2.494637653537317146e+00
1.000000000000000000e+00 -1.965094757420807747e+00 -1.502902279365088800e+00 1.132219906226630934e+00 -1.729287048621263312e-01
1.000000000000000000e+00 2.610002613225688606e+00 4.255694804724378666e-01 -2.288396576543358485e+00 3.770929891767924591e-01
1.000000000000000000e+00 3.243880880012452561e+00 2.176368176546709110e-01 -3.201293347073640660e+00 2.892558893152828770e+00
1.000000000000000000e+00 -3.517658174816127303e+00 2.107478826684106910e+00 1.086912780825743052e+00 -1.930370165815132322e-01
1.000000000000000000e+00 2.400738677449495206e+00 7.347902065122404736e-01 2.201354494278623619e+00 -2.611849467905263289e+00
1.000000000000000000e+00 2.648829253359310076e+00 7.339160596640506018e-01 -1.411650044010420491e+00 3.622191443261231214e+00
1.000000000000000000e+00 2.326990736788043246e-01 -8.294967723768524870e-01 6.305749950000496054e-03 -4.450954062335882311e-01
1.000000000000000000e+00 -4.223515758081139992e+00 -3.525429517199714535e+00 2.147188925751554400e+00 1.597050176519960951e+00
1.000000000000000000e+00 -4.131949611844696335e+00 5.312192871806865613e-01 1.844252823492688043e+00 -2.525893451664264600e+00
1.000000000000000000e+00 -2.297293681982341074e+00 7.784711310276751228e-02 8.535133450184775317e-01 -1.454493313411056699e+00
1.000000000000000000e+00 3.961847527519386958e+00 -2.369918436928055705e+00 -4.366285738413514750e+00 -1.038206410758810261e+00
1.000000000000000000e+00 -4.823595138840687246e-01 2.384847897167456043e+00 -1.949778971070983968e-01 -1.705106461878826751e+00
1.000000000000000000e+00 -1.713447546337717009e+00 -3.148742873053681723e+00 -1.023089483424679980e+00 5.255246664008387469e+00
1.000000000000000000e+00 -1.847098756354451421e+00 -4.401306813490016623e+00 7.890854819249105701e-01 -3.298866584909174282e+00
1.000000000000000000e+00 3.879089891555778991e+00 3.148195320988718571e+00 1.039463074019037758e-01 9.470254681228833515e-01
1.000000000000000000e+00 1.050167234160401808e+00 3.670851301363936336e+00 -1.470034719456811745e+00 -6.026538022331422439e-01
1.000000000000000000e+00 3.118563025529843102e+00 -2.671171971926764144e+00 2.086188323148624679e+00 1.958790081934444371e+00
1.000000000000000000e+00 3.082905060044576206e+00 4.185723264389318299e-01 -3.664809640606920826e+00 1.784316797205383609e-01
1.000000000000000000e+00 3.517305451406211869e+00 2.822911777401593714e+00 2.468523105277755647e+00 -2.419361651982443018e+00
1.000000000000000000e+00 -2.144806075543803203e+00 -3.567477231423348716e+00 2.342655432906125323e+00 2.081833729144887624e+00
1.000000000000000000e+00 -2.390664675344065238e+00 -3.808196702143275547e-01 1.646098977822352261e+00 2.320434887233588928e+00
1.000000000000000000e+00 2.737966581358532547e+00 3.831197415757654934e+00 -1.356027476850786728e+00 -9.201831695738706962e-01
1.000000000000000000e+00 -4.254048765439258695e+00 3.067092333037093055e-01 2.924107905877946667e+00 1.237330135848567547e+00
1.000000000000000000e+00 -1.134891747174111121e+00 -1.850779254336019086e+00 -1.459111425256960803e+00 2.506757616083742590e+00
1.000000000000000000e+00 -3.830330531747606404e+00 -1.787205413259190800e+00 -7.050882318251899816e-01 -1.437398013680234454e+00
1.000000000000000000e+00 4.134220206301846723e+00 -2.570123194160964797e+00 -5.195331336821384927e-01 1.654957699798622395e+00
1.000000000000000000e+00 2.790925326340785717e-01 1.937307649767276319e+00 3.388124580631968197e-01 -3.892412068109480372e-01
1.000000000000000000e+00 -1.238870248884387237e+00 4.129135350192441045e+00 5.907899756218331078e-01 -2.537693278949595843e+00
1.000000000000000000e+00 3.631475950046311851e+00 -2.437301448577841256e+00 -4.490079525005450378e+00 -1.510780232148389857e-01
1.000000000000000000e+00 -3.463675216688636982e-01 -2.560822409995847870e+00 -3.969446203546233565e-01 1.048273742809292114e-01
1.000000000000000000e+00 -1.849509737247865937e+00 -3.784338806842883152e+00 -1.288683712961891326e+00 -1.355736201765060045e+00
1.000000000000000000e+00 1.292611496275529737e+00 -6.098935495473999102e-02 7.287867972422580332e-01 -7.987414504803145299e-01
1.000000000000000000e+00 -3.806201537730391493e+00 -1.954788867028186772e+00 3.321035493037080677e+00 1.509326818919425994e+00
1.000000000000000000e+00 4.060683462680150235e+00 -2.543923530872728822e+00 -6.694187780555449496e-01 -2.393178971043198544e+00
1.000000000000000000e+00 -2.777028214709458709e+00 -8.445131784251387608e-02 1.902088603556264967e+00 -8.337704719029194189e-01
1.000000000000000000e+00 3.463673035325891103e+00 -1.959664629263521141e+00 -2.028531763286246292e+00 1.001091679300549986e+00
1.000000000000000000e+00 1.781394826390696018e+00 2.144487592374411111e+00 -2.656261612247873938e+00 1.166769771194013927e+00
1.000000000000000000e+00 -2.279941526196640922e+00 1.397755902870839728e+00 3.182278705833200272e-01 -7.792185404450860942e-01
1.000000000000000000e+00 -1.640642435363609319e+00 1.034846302361807302e+00 -1.497467807888828384e+00 -1.269360563347491588e+00
1.000000000000000000e+00 1.537780766009329447e+00 2.030832727911061064e-01 1.256059351055433870e+00 -2.784207516704423346e-01
1.000000000000000000e+00 -4.517424951088212737e+00 4.162492747850460972e+00 3.735938932364356591e-01 -6.344322227838400385e-02
1.000000000000000000e+00 -2.004622331657415657e+00 -3.205020997710082309e+00 1.015819477639819723e+00 4.955889892470138669e+00
1.000000000000000000e+00 -4.162608592541274355e+00 1.413964588217871299e+00 1.986291297546310730e+00 7.831214534904336055e-01
1.000000000000000000e+00 1.529644667819755499e+00 -4.165211455293989395e+00 -1.071001106524801072e+00 2.763705620056888357e+00
1.000000000000000000e+00 2.438032584722270579e-01 -2.501715794124878656e+00 1.998579807945702225e+00 1.353150241966933676e+00
1.000000000000000000e+00 7.099410261122981458e-01 -2.933492063002165917e+00 -1.059767903907509190e+00 3.594830078264071860e-01
1.000000000000000000e+00 1.755138631505381630e+00 -3.095492518588829345e-01 -5.676129751195861939e-01 2.532971916724095607e+00
1.000000000000000000e+00 3.895201482851138763e+00 -2.802380754022750775e+00 -1.811492443490735349e+00 4.392532595063959988e+00
1.000000000000000000e+00 -1.491251896720345416e+00 -3.076287753822842141e+00 2.316681256773759134e+00 4.638426489641387818e+00
1.000000000000000000e+00 3.880272843175260888e+00 2.915722159380290890e+00 -3.645070899229128969e+00 -4.180552235759660284e+00
1.000000000000000000e+00 -2.423498638698198260e+00 1.506382799428813701e+00 5.443329658258044823e-01 -7.758307460947064804e-01
1.000000000000000000e+00 2.490822426434733394e+00 7.473447315309384997e-01 -1.095870200683272788e+00 1.619094783819006178e-01
1.000000000000000000e+00 2.478791644967467123e-01 -2.550697569757435890e+00 -3.767988643878415811e+00 1.436049641189710790e+00
1.000000000000000000e+00 -4.269141801199864972e+00 3.875606880424860456e+00 8.460342938664049406e-01 -3.053409034136990163e-01
1.000000000000000000e+00 3.051585669169682991e+00 7.667499969159268236e-01 -2.903096585845808875e+00 -2.191127790200064762e+00
1.000000000000000000e+00 -1.468181279983622911e+00 -1.485931935720453900e+00 1.127066215255447812e+00 3.114118397338540012e-01
1.000000000000000000e+00 2.370267208358151301e+00 3.466063662793689826e+00 5.600581396295460923e-01 -1.832991871027104258e+00
1.000000000000000000e+00 3.952351331932915546e+00 3.045748858906847101e+00 -3.075086414890547015e+00 -4.636181326203351105e+00
