# time = 0.400000
# columns: mass x y vx vy
1.000000000000000000e+00 -1.266074767465907858e+00 4.307244872745888742e+00 -1.072704965097828339e-01 -9.102727324156068001e-01
1.000000000000000000e+00 2.360746751412162503e+00 9.177231002217676181e-01 1.616847578508658234e+00 -2.889663283176711506e+00
1.000000000000000000e+00 -3.097515881539875782e+00 -3.155008791477219798e+00 2.950149302946762475e+00 1.093942102314301446e+00
1.000000000000000000e+00 -4.205560965803570639e+00 4.090567021605719944e+00 -1.017262717799835015e-01 -7.331705460798281226e-01
1.000000000000000000e+00 1.079091754221393584e+00 1.999360802349788413e+00 4.125345844202686352e-01 -3.979264692327268982e-01
1.000000000000000000e+00 -3.843497947306883322e+00 3.875907540985621846e+00 1.093707262796905111e+00 -4.623186467499135865e+00
1.000000000000000000e+00 2.902985638601752960e+00 -2.898173449099327392e+00 1.483120446188093799e+00 2.264941306323493997e+00
1.000000000000000000e+00 -2.976410278675206911e+00 -3.155711461874922463e+00 -1.191833331534746521e-01 4.063481427162255466e-01
1.000000000000000000e+00 -1.932854252650649585e+00 3.698944124707029268e-01 -2.427757530430676880e+00 7.327500470653613984e-01
1.000000000000000000e+00 -9.392507639228481198e-01 -2.609537581860196909e+00 5.507949266183775894e-01 -1.568404973754724541e+00
1.000000000000000000e+00 8.099888514794023608e-01 -3.267066227078847085e+00 -7.074200303484636798e-01 5.845861479028879870e-01
1.000000000000000000e+00 -1.582099995859518327e+00 -1.526577490405655047e+00 8.529825891059332754e-01 -1.730246353141492222e+00
1.000000000000000000e+00 -7.468793177504797764e-01 2.422174555972877119e+00 -4.661295719909998581e-01 -1.310499194373199172e+00
1.000000000000000000e+00 -2.943395532624574429e+00 -2.511180879260789880e-02 -6.019499215856394247e-01 -8.231469094140774212e-01
1.000000000000000000e+00 9.694867913190686748e-01 -4.075157714982912793e+00 1.975251141310457315e-01 2.332974553743886847e+00
1.000000000000000000e+00 1.169653715527812388e+00 -3.079077362606545076e+00 -1.619835665134729208e+00 3.960993570807327391e-01
1.000000000000000000e+00 -4.541111191341104636e+00 3.843745109039682362e+00 1.911684371399027249e+00 -3.556077992046548619e+00
1.000000000000000000e+00 3.952577983597869160e+00 3.163835276073317271e+00 -4.654875916861731966e+00 6.773050841455912074e-01
1.000000000000000000e+00 -1.966310708842732291e+00 -3.606338843644033343e+00 -8.010432160014822056e-01 2.171629597842964277e+00
1.000000000000000000e+00 1.828003835723454706e+00 -8.751131638804684476e-01 -1.954431984103090769e-01 -9.097376548036559818e-01
1.000000000000000000e+00 -3.188202846778374955e+00 -3.028833432578032295e-02 5.468270272945112254e+00 6.836893579849268043e-01
1.000000000000000000e+00 -4.255430440385246982e+00 3.680675675658018342e+00 -4.188725209199879451e-01 -1.912400765595912988e+00
1.000000000000000000e+00 -2.391836773594154586e+00 1.544119722897643543e+00 -3.340681079971858369e-01 -3.413650558259011536e-01
1.000000000000000000e+00 -1.891126367906604600e+00 3.649428937830804798e-01 1.192668214276897176e+00 -5.029469360839056158e-01
1.000000000000000000e+00 1.059928835090193366e-01 -2.627024981281723015e+00 -3.335225976910770385e+00 -1.714547841109893278e-01
1.000000000000000000e+00 3.900002826163391667e+00 2.902165081487021681e+00 6.524641661591278341e-01 1.558742955425318766e-01
1.000000000000000000e+00 4.159922558155180639e+00 2.947168028537126450e+00 1.848677329869496289e+00 -3.713986400375437036e+00
1.000000000000000000e+00 1.222329173049663487e+00 3.680567168671400324e+00 3.323037268154154233e+00 -4.024489368510902665e+00
1.000000000000000000e+00 -3.683674908491497479e+00 -2.905163394441999003e+00 2.251336419181024784e+00 6.476836307881367327e-01
1.000000000000000000e+00 -4.047034686630103906e+00 -1.863628573375765818e+00 3.204058524059422375e+00 2.652610843175620126e+00
1.000000000000000000e+00 -5.210451905743368473e-01 -2.342486830769995088e+00 1.886910103307164022e+00 -9.012414641934523019e-01
1.000000000000000000e+00 3.179506051828527635e+00 -1.448037959274045550e+00 -5.122087692563292993e-01 -1.745977230039028882e-01
1.000000000000000000e+00 -2.067000886958777262e+00 -2.499801326980161942e-01 -1.304517492368185261e+00 -5.959815593058221950e-01
1.000000000000000000e+00 -3.792907888486274803e+00 3.044485126299823374e+00 -9.857867104490176668e-01 3.458102459061932477e-01
1.000000000000000000e+00 -4.353264441115082484e+00 3.836021457927976108e+00 3.901460346448229810e+00 -4.940163221348782940e+00
1.000000000000000000e+00 3.172446409535030210e+00 -2.809567846086309384e+00 -1.596777199395307045e+00 8.125934766850799740e-01
1.000000000000000000e+00 -4.332828593093180913e+00 3.424897080034324581e+00 3.316204675579334626e+00 2.390948540060771954e+00
1.000000000000000000e+00 1.742319987611862464e+00 2.342482745612809669e+00 -1.431350826941126531e-01 -1.183320212673835803e+00
1.000000000000000000e+00 2.532439467574744363e+00 -3.892588750997420188e+00 -8.653913443943189732e-01 1.834195224709398442e+00
1.000000000000000000e+00 -1.777613753010413689e+00 -3.597616664142258891e+00 3.273408361886388285e+00 -1.294324763428054581e+00
1.000000000000000000e+00 3.618878760452139520e+00 1.203480822211385304e+00 -1.906863426570281739e+00 -9.202732168819879321e-01
1.000000000000000000e+00 -1.599815606160567283e+00 -2.882720693638914256e+00 2.281158564811402556e+00 2.919399353148534271e+00
1.000000000000000000e+00 -2.029363653236821108e+00 -1.495803058503314409e+00 1.322603623443968091e-01 1.280453973083357441e-02
1.000000000000000000e+00 2.709421941838367154e+00 6.237216824109268476e-01 2.255755317024461526e+00 -3.053911232705718071e+00
1.000000000000000000e+00 3.495613242786542507e+00 -1.489902621003829503e-03 -2.024845140068320060e+00 1.660754021570739702e+00
1.000000000000000000e+00 -3.617400785125963303e+00 2.121917791395470321e+00 9.021408870411695702e-01 -1.003720171698743308e-01
1.000000000000000000e+00 2.467303841981636658e+00 8.347219866715936964e-01 -8.519654334664169548e-01 4.124062614460181075e-01
1.000000000000000000e+00 2.628942958595370083e+00 3.236165873839723650e-01 -1.688395002239143072e-01 2.744209443105156243e+00
1.000000000000000000e+00 2.314926295316806493e-01 -7.906737197180294663e-01 1.525609761121229750e-02 -3.354555802242404905e-01
1.000000000000000000e+00 -4.413787862214262780e+00 -3.668010374786502048e+00 1.666611468058440071e+00 1.258092206521524314e+00
1.000000000000000000e+00 -4.308040952133388224e+00 7.519119530141257224e-01 1.607806070180188840e+00 -2.063521061621111041e+00
1.000000000000000000e+00 -2.361329364816910470e+00 2.059733806444060122e-01 3.640207799948904643e-01 -1.140785770466382409e+00
1.000000000000000000e+00 4.198600001722572195e+00 -2.502010992352472929e+00 2.366011220658531311e+00 -6.122093209884837961e-02
1.000000000000000000e+00 -5.147263216793034335e-01 2.519590395650590509e+00 8.595047360183429852e-01 -9.693818245043465121e-01
1.000000000000000000e+00 -1.701618991306657724e+00 -3.647525893587578505e+00 5.165024307039869811e+00 4.924026201477331277e+00
1.000000000000000000e+00 -1.920746844149187060e+00 -3.988297651754354245e+00 6.193195139211250533e-01 -5.590065429944726105e+00
1.000000000000000000e+00 4.146736924864635299e+00 2.877812504409662520e+00 -3.890402451078912804e+00 2.821437468584142572e+00
1.000000000000000000e+00 1.243820464168227113e+00 3.678184484632928797e+00 -2.548823282873164509e+00 1.163268147372047201e+00
1.000000000000000000e+00 2.954425724602934178e+00 -2.773119244348140278e+00 4.244161229012582276e-02 -2.794609480686243153e-01
1.000000000000000000e+00 3.400250813722966559e+00 4.080385496507162868e-01 -2.709703970859814071e+00 7.748790816212114407e-02
1.000000000000000000e+00 3.341871173965674569e+00 3.097187487644886605e+00 1.224307730012764273e+00 -2.792612706281607515e+00
1.000000000000000000e+00 -2.137172772124508402e+00 -3.654781864256813062e+00 -2.825362287042530340e+00 2.091096781790929837e-01
1.000000000000000000e+00 -2.511822199513269904e+00 -5.423574616833235496e-01 9.992938119630827565e-01 1.172331860019271810e+00
1.000000000000000000e+00 2.863338569125601918e+00 3.887103745777194419e+00 -1.156614435500621374e+00 -2.224697200119115092e-01
1.000000000000000000e+00 -4.502611616973275055e+00 2.202991940820724359e-01 2.136957797500991685e+00 6.357001422127539492e-01
1.000000000000000000e+00 -1.008140644673484188e+00 -2.108195337865993668e+00 -1.227395849672188177e+00 2.721185566785130572e+00
1.000000000000000000e+00 -3.742007600661461098e+00 -1.673774526379206984e+00 -3.602031178042779114e-02 -5.724328096905945129e-01
1.000000000000000000e+00 4.040352821494760605e+00 -2.369676437813035719e+00 -1.267242505812375297e+00 -4.959544554636812208e+00
1.000000000000000000e+00 2.480556902313495737e-01 1.971504885950117636e+00 2.808707798048264981e-01 -2.979591447483999067e-01
1.000000000000000000e+00 -1.332114037068073742e+00 4.432564529203595782e+00 1.917800174631207888e-01 -1.484792180455359434e+00
1.000000000000000000e+00 4.191492683924031404e+00 -2.472532083399706870e+00 -7.323033371136525638e+00 1.260746701611052734e+00
1.000000000000000000e+00 -2.222801304033192038e-01 -2.395735457801544399e+00 -9.789669157855326320e-01 -2.106726916082415357e+00
1.000000000000000000e+00 -1.692593076283435805e+00 -3.532804215783421409e+00 -2.122876898376489407e+00 1.604417392005589305e-01
1.000000000000000000e+00 1.270189257153107043e+00 4.525001283501112886e-02 -4.041016967198837739e-01 -1.515721802445405553e+00
1.000000000000000000e+00 -4.065361686025647181e+00 -1.961398334019255119e+00 1.743332933969622855e+00 -1.702533626838687919e+00
1.000000000000000000e+00 4.193649442989530129e+00 -2.416571126109167800e+00 -6.213687364057887130e-01 2.197024450970626930e+00
1.000000000000000000e+00 -3.167380056100794317e+00 -2.223617764931227342e-02 6.570533571888780289e-01 -1.653204589763816457e-01
1.000000000000000000e+00 3.667517567425123914e+00 -2.093878229362711174e+00 -2.128012093271480332e+00 1.678296472677613060e+00
1.000000000000000000e+00 1.919755855866911887e+00 2.151937850203701430e+00 -5.210146970861762039e-01 -8.320496832911813412e-01
1.000000000000000000e+00 -2.482962970806272374e+00 1.707953282640348514e+00 1.465559337011375085e+00 -4.147890791071393579e+00
1.000000000000000000e+00 -1.515078809587355080e+00 1.144754241362396119e+00 -1.045253325363139973e+00 -9.387123580713128135e-01
1.000000000000000000e+00 1.398965801698233813e+00 1.880325039187450975e-01 1.711133006722199701e+00 7.427134603395284529e-01
1.000000000000000000e+00 -4.461063653581995858e+00 4.065323417060946909e+00 -1.676266296582041626e+00 2.272860629208553807e+00
1.000000000000000000e+00 -1.933792915768216769e+00 -3.802079669904766757e+00 -3.120228586633089662e+00 4.899263188137839897e+00
1.000000000000000000e+00 -4.338162237310323910e+00 1.325627839081606529e+00 1.529964001499651616e+00 1.017298750906567406e+00
1.000000000000000000e+00 1.622472015777248755e+00 -4.409502277127093528e+00 -7.956647834972571109e-01 2.135893301918528220e+00
1.000000000000000000e+00 2.002156995864306788e-01 -2.735970946172870732e+00 2.593052367754936083e-01 1.179213658419949740e+00
1.000000000000000000e+00 8.718110923235046217e-01 -3.100108240341213683e+00 -1.739231595748164105e+00 2.660617813214122052e+00
1.000000000000000000e+00 1.802915664836404863e+00 -5.544885288518773825e-01 -4.237522726186928601e-01 2.519601070206531013e+00
1.000000000000000000e+00 4.066798908842601534e+00 -3.142364436567587571e+00 -1.522907997812903425e+00 2.679001330970378181e+00
1.000000000000000000e+00 -1.776353881787370970e+00 -3.736082363854293931e+00 1.065043052986374583e+00 6.349734320654523145e+00
1.000000000000000000e+00 4.188090525297376132e+00 3.459071404038312814e+00 -1.690603799365164805e+00 -3.825647335749237765e+00
1.000000000000000000e+00 -2.384713873133633921e+00 1.569160168392577326e+00 -9.462107496895244552e-02 9.665614411155585284e-01
1.000000000000000000e+00 2.688912628172997810e+00 6.106734415414520889e-01 -3.570491712378551341e+00 1.934350121075241180e+00
1.000000000000000000e+00 3.301766244265648687e-01 -2.617651507119722165e+00 1.283288881123290759e+00 1.440502351163341688e+00
1.000000000000000000e+00 -4.105815462714752506e+00 3.748018199764195479e+00 -7.059773213937792224e-01 2.380928665917152465e+00
1.000000000000000000e+00 3.288676529111731028e+00 9.417234328973526081e-01 -2.030845773703864765e+00 -1.454795551563381695e+00
1.000000000000000000e+00 -1.606874528473712038e+00 -1.639061045511203574e+00 8.054123077959346455e-01 1.236929817860153769e+00
1.000000000000000000e+00 2.323328960089323658e+00 3.637582963804322223e+00 3.822421311960297330e-01 -1.580335806122178166e+00
1.000000000000000000e+00 4.138432119363564254e+00 3.227968583905422850e+00 -9.727812776002773276e-01 -3.055757477538998956e-01
